{
  "camera_angle_x": 0.6154568598392031,
  "camera_angle_y": 1.012541166799201,
  "fl_x": 1132.7,
  "fl_y": 1154.25,
  "k1": 0.0716051,
  "k2": -0.135219,
  "k3": 0,
  "k4": 0,
  "p1": -0.000897955,
  "p2": -0.0030074,
  "is_fisheye": false,
  "cx": 360.464,
  "cy": 651.731,
  "w": 720.0,
  "h": 1280.0,
  "aabb_scale": 32,
  "frames": [
    {
      "file_path": "./images/0054.jpg",
      "sharpness": 21.72262444894578,
      "transform_matrix": [
        [
          -0.10353297429231938,
          -0.21078866355546722,
          0.9720334833456354,
          2.4857544439734114
        ],
        [
          0.99280687797502,
          0.037178919069731566,
          0.11380794699858654,
          0.18566571879013574
        ],
        [
          -0.060128564344091764,
          0.9768243889326764,
          0.20542319724949318,
          1.3472458758816073
        ],
        [
          0.0,
          0.0,
          0.0,
          1.0
        ]
      ]
    },
    {
      "file_path": "./images/0055.jpg",
      "sharpness": 22.669505942898027,
      "transform_matrix": [
        [
          0.13970462415035206,
          -0.21562884902037083,
          0.9664299198868134,
          2.401076865424543
        ],
        [
          0.9881541955927646,
          0.09296265572112686,
          -0.12210328760437017,
          -0.47244164414533973
        ],
        [
          -0.06351288674035965,
          0.972040184826882,
          0.226061873699709,
          1.383412923242913
        ],
        [
          0.0,
          0.0,
          0.0,
          1.0
        ]
      ]
    },
    {
      "file_path": "./images/0051.jpg",
      "sharpness": 25.988198926684298,
      "transform_matrix": [
        [
          -0.7568462737817235,
          -0.13165114401288455,
          0.6401961923716553,
          1.6872515573492313
        ],
        [
          0.6519878151996377,
          -0.08347891577478614,
          0.7536196888718333,
          1.6780278195806748
        ],
        [
          -0.04577205888919188,
          0.9877748939034644,
          0.14901567473979263,
          1.1504730000614607
        ],
        [
          0.0,
          0.0,
          0.0,
          1.0
        ]
      ]
    },
    {
      "file_path": "./images/0056.jpg",
      "sharpness": 14.502712621010676,
      "transform_matrix": [
        [
          0.3791965578421146,
          -0.20263861428108568,
          0.9028552458651269,
          2.0728774444636016
        ],
        [
          0.9239941573974958,
          0.13506167150634632,
          -0.3577613335905016,
          -1.0091368325326049
        ],
        [
          -0.049444889320670024,
          0.9698948111161807,
          0.2384518074926772,
          1.4374616799248978
        ],
        [
          0.0,
          0.0,
          0.0,
          1.0
        ]
      ]
    },
    {
      "file_path": "./images/0052.jpg",
      "sharpness": 23.983094281089482,
      "transform_matrix": [
        [
          -0.555733965285594,
          -0.1500811259009813,
          0.8177013011785684,
          2.055188036944257
        ],
        [
          0.8304250817980738,
          -0.05357353251811791,
          0.5545485213616038,
          1.2522393965527452
        ],
        [
          -0.03942011887450482,
          0.9872211162267026,
          0.15440376283559581,
          1.1861095367207128
        ],
        [
          0.0,
          0.0,
          0.0,
          1.0
        ]
      ]
    },
    {
      "file_path": "./images/0053.jpg",
      "sharpness": 14.408396780450852,
      "transform_matrix": [
        [
          -0.3433163637388862,
          -0.17610063730514514,
          0.9225629675201648,
          2.2360961162181723
        ],
        [
          0.9379659860483734,
          -0.013546617005420612,
          0.3464625346551918,
          0.8592546632240001
        ],
        [
          -0.048514668691398075,
          0.9842789513001464,
          0.16982718277726516,
          1.2679034583096593
        ],
        [
          0.0,
          0.0,
          0.0,
          1.0
        ]
      ]
    },
    {
      "file_path": "./images/0048.jpg",
      "sharpness": 51.569310943178465,
      "transform_matrix": [
        [
          -0.9985512370076391,
          -0.03176607782783508,
          0.043421692074785447,
          0.3339323917942525
        ],
        [
          0.047316135837207896,
          -0.13438415101951617,
          0.989798557959777,
          2.425134114522301
        ],
        [
          -0.025606863370654435,
          0.9904200160945376,
          0.13569258646062532,
          1.1170361779793014
        ],
        [
          0.0,
          0.0,
          0.0,
          1.0
        ]
      ]
    },
    {
      "file_path": "./images/0050.jpg",
      "sharpness": 25.0724714524587,
      "transform_matrix": [
        [
          -0.8744075307641653,
          -0.10392333457183482,
          0.47393260101821,
          1.0860124052449167
        ],
        [
          0.4838347014390838,
          -0.11372820479800004,
          0.867738769298319,
          1.9964948548529324
        ],
        [
          -0.03627875254919241,
          0.988061659654234,
          0.14972646357815086,
          1.2131079064613202
        ],
        [
          0.0,
          0.0,
          0.0,
          1.0
        ]
      ]
    },
    {
      "file_path": "./images/0049.jpg",
      "sharpness": 21.262914496508934,
      "transform_matrix": [
        [
          -0.9630583280969273,
          -0.06353829365326041,
          0.2616905512219169,
          0.6565111519776833
        ],
        [
          0.267789872677184,
          -0.12340686335280698,
          0.9555415906461099,
          2.2508108866453957
        ],
        [
          -0.028419053854487713,
          0.9903199658416235,
          0.13586288685847464,
          1.1500077249223597
        ],
        [
          0.0,
          0.0,
          0.0,
          1.0
        ]
      ]
    },
    {
      "file_path": "./images/0047.jpg",
      "sharpness": 35.63089060917137,
      "transform_matrix": [
        [
          -0.9837806323496258,
          0.006793820950826413,
          -0.1792391796583306,
          -0.23303304350146337
        ],
        [
          -0.17849041326442977,
          -0.13580223233191677,
          0.9745235255371382,
          2.3470220281602168
        ],
        [
          -0.01772041532637786,
          0.9907126580965585,
          0.1348125031000641,
          1.154368529673776
        ],
        [
          0.0,
          0.0,
          0.0,
          1.0
        ]
      ]
    },
    {
      "file_path": "./images/0046.jpg",
      "sharpness": 20.661490845555427,
      "transform_matrix": [
        [
          -0.9130351764210144,
          0.04362007424908387,
          -0.4055428517076825,
          -0.7889290683922037
        ],
        [
          -0.4078006189432738,
          -0.11748210003864511,
          0.9054819489069336,
          2.257349130790368
        ],
        [
          -0.008146824061507973,
          0.9921165526259746,
          0.12505349324736792,
          1.063075762833826
        ],
        [
          0.0,
          0.0,
          0.0,
          1.0
        ]
      ]
    },
    {
      "file_path": "./images/0044.jpg",
      "sharpness": 30.466334566464845,
      "transform_matrix": [
        [
          -0.6526297573006674,
          0.06464416014789343,
          -0.7549126690540465,
          -1.7764196152014426
        ],
        [
          -0.7576363994248362,
          -0.04557025775418239,
          0.6510822093498493,
          1.6623078579761474
        ],
        [
          0.007687122331458164,
          0.9968673279694146,
          0.07871746039912865,
          0.913183988510267
        ],
        [
          0.0,
          0.0,
          0.0,
          1.0
        ]
      ]
    },
    {
      "file_path": "./images/0045.jpg",
      "sharpness": 17.422233979382934,
      "transform_matrix": [
        [
          -0.7984196677120585,
          0.07366050045287077,
          -0.5975798661405198,
          -1.3236720816659897
        ],
        [
          -0.6020955788526448,
          -0.09287638502964418,
          0.7930046801035044,
          2.1070485930842606
        ],
        [
          0.0029120668548685835,
          0.9929492040725726,
          0.11850484734886117,
          1.0362969532334596
        ],
        [
          0.0,
          0.0,
          0.0,
          1.0
        ]
      ]
    },
    {
      "file_path": "./images/0042.jpg",
      "sharpness": 58.694330430338105,
      "transform_matrix": [
        [
          -0.2854527087399479,
          -0.0072862906588054294,
          -0.9583653350047804,
          -2.4425352021942563
        ],
        [
          -0.9582112469977166,
          0.021645368291077417,
          0.2852422467422964,
          0.9219302956175678
        ],
        [
          0.018665802601628353,
          0.9997391603473512,
          -0.013160549623575164,
          0.6582416017176984
        ],
        [
          0.0,
          0.0,
          0.0,
          1.0
        ]
      ]
    },
    {
      "file_path": "./images/0043.jpg",
      "sharpness": 32.514744860301775,
      "transform_matrix": [
        [
          -0.4765561543702766,
          0.04146840170433046,
          -0.8781649382011391,
          -2.079444726366323
        ],
        [
          -0.8790240710348067,
          -0.0060117130480279255,
          0.4767384993999533,
          1.2678757177114601
        ],
        [
          0.014490325556417084,
          0.9991217280074739,
          0.039316697778663985,
          0.8036556676447282
        ],
        [
          0.0,
          0.0,
          0.0,
          1.0
        ]
      ]
    },
    {
      "file_path": "./images/0040.jpg",
      "sharpness": 62.25783307943344,
      "transform_matrix": [
        [
          0.12280553805766364,
          -0.08415769963195517,
          -0.9888580169860641,
          -2.513738690432792
        ],
        [
          -0.9916690046545582,
          0.028676707805615268,
          -0.12559519362355395,
          -0.2854576427161217
        ],
        [
          0.0389269145395091,
          0.9960397229583692,
          -0.07993491658329573,
          0.38895898274627777
        ],
        [
          0.0,
          0.0,
          0.0,
          1.0
        ]
      ]
    },
    {
      "file_path": "./images/0041.jpg",
      "sharpness": 26.19639815247029,
      "transform_matrix": [
        [
          -0.0881279167918337,
          -0.05687058275391956,
          -0.9944854842005512,
          -2.549848010184638
        ],
        [
          -0.9956745911018462,
          0.034553852830214615,
          0.08625729525362463,
          0.3325867903356365
        ],
        [
          0.029457750499747255,
          0.9977834281678062,
          -0.059669774054204455,
          0.44575727702721396
        ],
        [
          0.0,
          0.0,
          0.0,
          1.0
        ]
      ]
    },
    {
      "file_path": "./images/0039.jpg",
      "sharpness": 72.66743583042359,
      "transform_matrix": [
        [
          0.31049058701718074,
          -0.07879181041072952,
          -0.9473052752557622,
          -2.573174028066447
        ],
        [
          -0.9495741878519433,
          0.02004019281050796,
          -0.31290108665917227,
          -0.7302886508280519
        ],
        [
          0.04363822608011609,
          0.9966896413907491,
          -0.06859637779288513,
          0.283613671811032
        ],
        [
          0.0,
          0.0,
          0.0,
          1.0
        ]
      ]
    },
    {
      "file_path": "./images/0035.jpg",
      "sharpness": 26.789127604166666,
      "transform_matrix": [
        [
          0.8320113399865228,
          -0.043325584303101454,
          -0.5530653034292847,
          -2.5177207594851523
        ],
        [
          -0.549463770710022,
          0.07306728776566429,
          -0.8323172131315922,
          -2.99028087981252
        ],
        [
          0.07647157071626112,
          0.9963855019729497,
          0.03698692447374402,
          0.22924877793306733
        ],
        [
          0.0,
          0.0,
          0.0,
          1.0
        ]
      ]
    },
    {
      "file_path": "./images/0038.jpg",
      "sharpness": 46.784721948689594,
      "transform_matrix": [
        [
          0.4638105182027849,
          -0.05893477603702937,
          -0.8839715304321865,
          -2.639540199359521
        ],
        [
          -0.8847175317076326,
          0.021457410566342334,
          -0.46563251218137486,
          -1.112108490152489
        ],
        [
          0.04640969992861634,
          0.9980311976020403,
          -0.042188445445731214,
          0.2764103682936976
        ],
        [
          0.0,
          0.0,
          0.0,
          1.0
        ]
      ]
    },
    {
      "file_path": "./images/0034.jpg",
      "sharpness": 23.323650216136752,
      "transform_matrix": [
        [
          0.9055497581452244,
          -0.05634412788420774,
          -0.4204845180978557,
          -2.046181682840914
        ],
        [
          -0.4163015470236381,
          0.07285716479322726,
          -0.9063040952123254,
          -3.41235428746805
        ],
        [
          0.0817001426527007,
          0.9957495563609381,
          0.042519554435320156,
          0.18663668875013223
        ],
        [
          0.0,
          0.0,
          0.0,
          1.0
        ]
      ]
    },
    {
      "file_path": "./images/0036.jpg",
      "sharpness": 14.470708547963044,
      "transform_matrix": [
        [
          0.7381651057503494,
          -0.04366270322081631,
          -0.6732042154956787,
          -2.6580817329127724
        ],
        [
          -0.6714698642464859,
          0.048750314028931166,
          -0.7394252463402083,
          -2.433457781234825
        ],
        [
          0.06510426649921096,
          0.9978561882317385,
          0.0066676506386031675,
          0.276566447567913
        ],
        [
          0.0,
          0.0,
          0.0,
          1.0
        ]
      ]
    },
    {
      "file_path": "./images/0037.jpg",
      "sharpness": 15.759443965200731,
      "transform_matrix": [
        [
          0.6278015569001613,
          -0.05025763196504701,
          -0.7767507081194508,
          -2.667725255626219
        ],
        [
          -0.7763407162142106,
          0.03166886378713428,
          -0.6295192368952643,
          -1.7671749858713957
        ],
        [
          0.05623691931362034,
          0.9982340683747775,
          -0.01913533376183718,
          0.28925614913581077
        ],
        [
          0.0,
          0.0,
          0.0,
          1.0
        ]
      ]
    },
    {
      "file_path": "./images/0032.jpg",
      "sharpness": 18.81672296668158,
      "transform_matrix": [
        [
          0.9954883531563006,
          -0.0827632331540018,
          -0.04640389889945451,
          -0.743155769715285
        ],
        [
          -0.04098909696382359,
          0.06596619613627172,
          -0.9969796842864539,
          -3.999743230714048
        ],
        [
          0.08557434507987496,
          0.9943835822379519,
          0.06227618500120882,
          0.09956450519362729
        ],
        [
          0.0,
          0.0,
          0.0,
          1.0
        ]
      ]
    },
    {
      "file_path": "./images/0027.jpg",
      "sharpness": 162.41421095139776,
      "transform_matrix": [
        [
          0.5381779127983733,
          -0.09950782679295425,
          0.8369363449011957,
          3.0681573949022947
        ],
        [
          0.8421903506639007,
          0.024778086873744207,
          -0.5386104147209233,
          -2.1045600798076896
        ],
        [
          0.03285828624302481,
          0.9947282227546123,
          0.09713956553405356,
          0.07079194932135856
        ],
        [
          0.0,
          0.0,
          0.0,
          1.0
        ]
      ]
    },
    {
      "file_path": "./images/0033.jpg",
      "sharpness": 10.562373393419053,
      "transform_matrix": [
        [
          0.9613948945697045,
          -0.06473743465462958,
          -0.26744882627053845,
          -1.4030807645214256
        ],
        [
          -0.262560766324847,
          0.0750570332266982,
          -0.9619918082420691,
          -3.6778055359103288
        ],
        [
          0.08235079907920688,
          0.995075628375471,
          0.05516193995352547,
          0.18407047830888995
        ],
        [
          0.0,
          0.0,
          0.0,
          1.0
        ]
      ]
    },
    {
      "file_path": "./images/0031.jpg",
      "sharpness": 32.331929705509125,
      "transform_matrix": [
        [
          0.9802914550217696,
          -0.10115177545994151,
          0.16969990669579035,
          0.13968478301119805
        ],
        [
          0.17573774831105476,
          0.05404982606690453,
          -0.9829526632894401,
          -3.9589119236594073
        ],
        [
          0.0902551055754933,
          0.9934017001697394,
          0.07076073788891311,
          0.14370899222341907
        ],
        [
          0.0,
          0.0,
          0.0,
          1.0
        ]
      ]
    },
    {
      "file_path": "./images/0013.jpg",
      "sharpness": 27.341166239415863,
      "transform_matrix": [
        [
          -0.8526545079471393,
          0.06715087528893723,
          -0.5181387603324967,
          -2.1243922200930214
        ],
        [
          -0.522271497520887,
          -0.08207245489720054,
          0.8488187789369013,
          3.7582874064506817
        ],
        [
          0.014474024621631096,
          0.994361525941048,
          0.10505073807088536,
          -0.13974186287485504
        ],
        [
          0.0,
          0.0,
          0.0,
          1.0
        ]
      ]
    },
    {
      "file_path": "./images/0002.jpg",
      "sharpness": 161.85897860952198,
      "transform_matrix": [
        [
          0.16415004652101037,
          0.05377338956985877,
          -0.9849700818342376,
          -5.637064345320108
        ],
        [
          -0.9851831844009522,
          0.05926213007668112,
          -0.16095020887599318,
          -0.7827620488222176
        ],
        [
          0.049716498405866,
          0.9967930772548677,
          0.06270432266803326,
          -0.054018723266478254
        ],
        [
          0.0,
          0.0,
          0.0,
          1.0
        ]
      ]
    },
    {
      "file_path": "./images/0001.jpg",
      "sharpness": 157.68523736459116,
      "transform_matrix": [
        [
          0.16184522114364475,
          0.06018157289773447,
          -0.9849803703237833,
          -5.728626295346241
        ],
        [
          -0.9853589279010997,
          0.0640986778226575,
          -0.15799104150676005,
          -0.7889668083823731
        ],
        [
          0.053627723134134955,
          0.9961272762835055,
          0.0696743686377037,
          -0.04838798930153122
        ],
        [
          0.0,
          0.0,
          0.0,
          1.0
        ]
      ]
    },
    {
      "file_path": "./images/0004.jpg",
      "sharpness": 97.99170892015623,
      "transform_matrix": [
        [
          0.11906267435332758,
          0.0577419727204086,
          -0.9912067174727156,
          -5.554561865117117
        ],
        [
          -0.9916549806243035,
          0.05663543602257393,
          -0.11581726628690492,
          -0.5301135109708913
        ],
        [
          0.049449882161067785,
          0.9967237815595434,
          0.06400322454738888,
          -0.07788112332138437
        ],
        [
          0.0,
          0.0,
          0.0,
          1.0
        ]
      ]
    },
    {
      "file_path": "./images/0003.jpg",
      "sharpness": 156.8121123130692,
      "transform_matrix": [
        [
          0.14966158029186385,
          0.05490138213504738,
          -0.98721344298208,
          -5.551781325848725
        ],
        [
          -0.9875822509271136,
          0.056580960514020714,
          -0.1465708848530209,
          -0.7571170417515423
        ],
        [
          0.04781044722687248,
          0.996887381233604,
          0.06268741041449176,
          -0.05913113030485376
        ],
        [
          0.0,
          0.0,
          0.0,
          1.0
        ]
      ]
    },
    {
      "file_path": "./images/0005.jpg",
      "sharpness": 143.8697125580917,
      "transform_matrix": [
        [
          0.07244020507132407,
          0.06054141306594469,
          -0.9955349424317854,
          -5.4857425375175
        ],
        [
          -0.9961298822347634,
          0.0542338283542874,
          -0.06918537739682176,
          -0.3420106414835848
        ],
        [
          0.049803007547240305,
          0.9966912485797351,
          0.06423563252998864,
          -0.09649139266122227
        ],
        [
          0.0,
          0.0,
          0.0,
          1.0
        ]
      ]
    },
    {
      "file_path": "./images/0006.jpg",
      "sharpness": 102.78557862767349,
      "transform_matrix": [
        [
          -0.011983831667062078,
          0.06102910223019616,
          -0.9980647492995088,
          -5.2230152081741235
        ],
        [
          -0.9987414537795037,
          0.04789868528611388,
          0.014920838567818081,
          0.010847901059624687
        ],
        [
          0.04871655120166226,
          0.9969860444047042,
          0.060378187058611005,
          -0.08161624420173251
        ],
        [
          0.0,
          0.0,
          0.0,
          1.0
        ]
      ]
    },
    {
      "file_path": "./images/0009.jpg",
      "sharpness": 70.16077029121186,
      "transform_matrix": [
        [
          -0.3892383656850811,
          0.07563366481543285,
          -0.9180280406577251,
          -4.408395787275477
        ],
        [
          -0.9206155565815471,
          0.001632306638840876,
          0.3904699378028953,
          1.9543114513540347
        ],
        [
          0.03103111963159462,
          0.9971343437372768,
          0.06899398832270892,
          -0.10478460975349195
        ],
        [
          0.0,
          0.0,
          0.0,
          1.0
        ]
      ]
    },
    {
      "file_path": "./images/0010.jpg",
      "sharpness": 81.11698120412828,
      "transform_matrix": [
        [
          -0.5077100543735622,
          0.07508909119349721,
          -0.858250912598957,
          -3.9168724492439035
        ],
        [
          -0.8609232764131449,
          -0.006856245722655306,
          0.5086910689487016,
          2.4072540206956363
        ],
        [
          0.032312710825565916,
          0.9971532660785818,
          0.06812674214986514,
          -0.11690537465812809
        ],
        [
          0.0,
          0.0,
          0.0,
          1.0
        ]
      ]
    },
    {
      "file_path": "./images/0008.jpg",
      "sharpness": 81.1972221266558,
      "transform_matrix": [
        [
          -0.26508840541956746,
          0.06694616672132947,
          -0.9618959290259481,
          -4.760972691070282
        ],
        [
          -0.9637856269300692,
          0.01163930231633837,
          0.2664192602533463,
          1.3058398782081764
        ],
        [
          0.0290316026356254,
          0.9976886905625454,
          0.061436491102332236,
          -0.08651622572191317
        ],
        [
          0.0,
          0.0,
          0.0,
          1.0
        ]
      ]
    },
    {
      "file_path": "./images/0063.jpg",
      "sharpness": 16.110462605224424,
      "transform_matrix": [
        [
          0.8877706357375844,
          0.041431899988670876,
          -0.4584187773459245,
          -1.6068299686545575
        ],
        [
          -0.4597752554216264,
          0.12678534707460729,
          -0.8789387179338416,
          -2.4547084910961514
        ],
        [
          0.021704646053491768,
          0.9910645216011427,
          0.13160556023012276,
          0.7176422508444711
        ],
        [
          0.0,
          0.0,
          0.0,
          1.0
        ]
      ]
    },
    {
      "file_path": "./images/0007.jpg",
      "sharpness": 62.3904305024312,
      "transform_matrix": [
        [
          -0.13195249077097743,
          0.06118769541094191,
          -0.9893659125655762,
          -4.983059998292236
        ],
        [
          -0.9904915484660914,
          0.031056998091675628,
          0.1340233490183652,
          0.4421623726988159
        ],
        [
          0.03892730704072293,
          0.9976429874627918,
          0.056507826303148295,
          -0.047904811348587005
        ],
        [
          0.0,
          0.0,
          0.0,
          1.0
        ]
      ]
    },
    {
      "file_path": "./images/0061.jpg",
      "sharpness": 19.48803671739249,
      "transform_matrix": [
        [
          0.9996484723650354,
          -0.020727815020131705,
          0.01653465359844851,
          -0.2841881862822172
        ],
        [
          0.0199782894273094,
          0.17881590003579964,
          -0.9836797482748512,
          -2.283774971073943
        ],
        [
          0.01743286576109092,
          0.9836641874963377,
          0.17916713428631617,
          1.0921286721216918
        ],
        [
          0.0,
          0.0,
          0.0,
          1.0
        ]
      ]
    },
    {
      "file_path": "./images/0011.jpg",
      "sharpness": 77.95172667635694,
      "transform_matrix": [
        [
          -0.6339058739549952,
          0.07470282214010623,
          -0.769793622299634,
          -3.4571812841615897
        ],
        [
          -0.7729756668681932,
          -0.027848999861592935,
          0.6338236673189179,
          2.9954613922415882
        ],
        [
          0.025910446404255487,
          0.9968168926804213,
          0.07539715657254444,
          -0.0872333872609617
        ],
        [
          0.0,
          0.0,
          0.0,
          1.0
        ]
      ]
    },
    {
      "file_path": "./images/0060.jpg",
      "sharpness": 17.11942598672443,
      "transform_matrix": [
        [
          0.9634850936691338,
          -0.0660808564422165,
          0.2594775543132513,
          0.2775869635446126
        ],
        [
          0.26773772811207813,
          0.22533071723164724,
          -0.9367717897962281,
          -1.973289168551215
        ],
        [
          0.0034345536942303493,
          0.972038755001852,
          0.23479531899547385,
          1.240956748766516
        ],
        [
          0.0,
          0.0,
          0.0,
          1.0
        ]
      ]
    },
    {
      "file_path": "./images/0012.jpg",
      "sharpness": 30.231969381448955,
      "transform_matrix": [
        [
          -0.7490554635474024,
          0.07657088904498838,
          -0.6580660831239307,
          -2.873808808282268
        ],
        [
          -0.6623206818112821,
          -0.06306363055626983,
          0.746560413513808,
          3.660762013583155
        ],
        [
          0.01566477660006169,
          0.9950677679551279,
          0.0979528036500629,
          -0.11755550305636264
        ],
        [
          0.0,
          0.0,
          0.0,
          1.0
        ]
      ]
    },
    {
      "file_path": "./images/0014.jpg",
      "sharpness": 21.164157542446528,
      "transform_matrix": [
        [
          -0.9454790158978003,
          0.043010838013113256,
          -0.3228350655507833,
          -1.359958851027166
        ],
        [
          -0.32557507774805317,
          -0.09876439646760378,
          0.9403453854709606,
          3.7209006206176762
        ],
        [
          0.00856043120847121,
          0.9941809124097831,
          0.10738264952511051,
          -0.07619947499081825
        ],
        [
          0.0,
          0.0,
          0.0,
          1.0
        ]
      ]
    },
    {
      "file_path": "./images/0015.jpg",
      "sharpness": 29.53988495398627,
      "transform_matrix": [
        [
          -0.9910879402952754,
          0.011091512176556335,
          -0.13275204879304212,
          -0.17834542409522722
        ],
        [
          -0.1332006316606237,
          -0.09693761201552746,
          0.9863377333522514,
          3.862097447950374
        ],
        [
          -0.001928685549766452,
          0.9952286607860371,
          0.0975509780391951,
          -0.09024396821213856
        ],
        [
          0.0,
          0.0,
          0.0,
          1.0
        ]
      ]
    },
    {
      "file_path": "./images/0077.jpg",
      "sharpness": 44.85166314357122,
      "transform_matrix": [
        [
          -0.9967130222052363,
          0.002674809516591253,
          0.0809763928929775,
          1.041062773523315
        ],
        [
          0.080390837902877,
          -0.09171842684694341,
          0.9925352501192131,
          4.641036484518198
        ],
        [
          0.010081864723823416,
          0.9957813935517356,
          0.09120182229240417,
          0.06739276819130827
        ],
        [
          0.0,
          0.0,
          0.0,
          1.0
        ]
      ]
    },
    {
      "file_path": "./images/0020.jpg",
      "sharpness": 76.81624747370498,
      "transform_matrix": [
        [
          -0.6301717168850998,
          -0.05720708111803041,
          0.7743453402232748,
          3.312185857796447
        ],
        [
          0.7762896710617613,
          -0.06703804408557285,
          0.6268014008133678,
          2.3259412784935996
        ],
        [
          0.016053119155685854,
          0.9961090545971044,
          0.08665476723647757,
          0.003377205120508037
        ],
        [
          0.0,
          0.0,
          0.0,
          1.0
        ]
      ]
    },
    {
      "file_path": "./images/0088.jpg",
      "sharpness": 12.511988972886407,
      "transform_matrix": [
        [
          0.8896026747486651,
          -0.06012959214910243,
          0.452760200980439,
          1.4596757264337779
        ],
        [
          0.4566446757923164,
          0.09731947256309503,
          -0.8843103791063618,
          -3.4031468298373118
        ],
        [
          0.009110826724463957,
          0.9934351291000661,
          0.11403349277687502,
          0.08499133935848747
        ],
        [
          0.0,
          0.0,
          0.0,
          1.0
        ]
      ]
    },
    {
      "file_path": "./images/0021.jpg",
      "sharpness": 48.572878674202194,
      "transform_matrix": [
        [
          -0.4810088912028198,
          -0.06768075576799865,
          0.8740993864014599,
          3.782957663490002
        ],
        [
          0.8766704161741519,
          -0.04726461519014323,
          0.47876404727978783,
          1.8142809660735566
        ],
        [
          0.008910858666616683,
          0.9965868609086879,
          0.08206841824540123,
          0.022362477716557225
        ],
        [
          0.0,
          0.0,
          0.0,
          1.0
        ]
      ]
    },
    {
      "file_path": "./images/0089.jpg",
      "sharpness": 16.981452778964577,
      "transform_matrix": [
        [
          0.9862069942750838,
          -0.055099421296482584,
          0.15607741112025084,
          0.28015984984294046
        ],
        [
          0.16095387293420566,
          0.09934123788074364,
          -0.9819498505374457,
          -3.703950084333595
        ],
        [
          0.03859993064910402,
          0.9935267358790302,
          0.1068394625928464,
          0.07755589946484735
        ],
        [
          0.0,
          0.0,
          0.0,
          1.0
        ]
      ]
    },
    {
      "file_path": "./images/0024.jpg",
      "sharpness": 65.88335803315788,
      "transform_matrix": [
        [
          0.02550030179790451,
          -0.08517270403063372,
          0.9960398311853589,
          3.826459091308489
        ],
        [
          0.9996658546604671,
          -0.0020458416944536383,
          -0.025768076847887643,
          -0.15532729279866486
        ],
        [
          0.004232476515894883,
          0.9963641027073343,
          0.08509207427220072,
          0.02296648945272921
        ],
        [
          0.0,
          0.0,
          0.0,
          1.0
        ]
      ]
    },
    {
      "file_path": "./images/0080.jpg",
      "sharpness": 74.00076337291102,
      "transform_matrix": [
        [
          -0.6789703523240656,
          -0.0651575513604828,
          0.7312689203005106,
          3.884290244984361
        ],
        [
          0.7340495809503912,
          -0.07798825193476974,
          0.6746032349067437,
          3.116223641153718
        ],
        [
          0.01307489727970834,
          0.994822763121241,
          0.10078054130046003,
          0.09604226877629053
        ],
        [
          0.0,
          0.0,
          0.0,
          1.0
        ]
      ]
    },
    {
      "file_path": "./images/0022.jpg",
      "sharpness": 101.71721836794629,
      "transform_matrix": [
        [
          -0.3313757693459535,
          -0.08004515115519127,
          0.9400973224197752,
          4.197055543905042
        ],
        [
          0.943495985393923,
          -0.030596233131770945,
          0.32996863245734975,
          1.1568699518288992
        ],
        [
          0.0023510491829840177,
          0.9963215568280622,
          0.08566112378479743,
          0.026051592170377457
        ],
        [
          0.0,
          0.0,
          0.0,
          1.0
        ]
      ]
    },
    {
      "file_path": "./images/0083.jpg",
      "sharpness": 52.02245868153039,
      "transform_matrix": [
        [
          -0.16273516306616365,
          -0.12329338045776152,
          0.9789361615964267,
          4.475142949506602
        ],
        [
          0.9864766594443788,
          -0.0007016766110550608,
          0.16390029735526845,
          0.3299368182692124
        ],
        [
          -0.01952092524521558,
          0.992370016658091,
          0.12174022949827507,
          0.10233318692920824
        ],
        [
          0.0,
          0.0,
          0.0,
          1.0
        ]
      ]
    },
    {
      "file_path": "./images/0023.jpg",
      "sharpness": 72.6516682685746,
      "transform_matrix": [
        [
          -0.1633832962718728,
          -0.08649869776055887,
          0.9827633750604998,
          3.9967549166274297
        ],
        [
          0.9865557322373314,
          -0.018057132813607463,
          0.16242445855586604,
          0.5165855551515914
        ],
        [
          0.0036963835338925267,
          0.9960883069185711,
          0.08828602066061124,
          0.00948496678051202
        ],
        [
          0.0,
          0.0,
          0.0,
          1.0
        ]
      ]
    },
    {
      "file_path": "./images/0081.jpg",
      "sharpness": 73.39047387982477,
      "transform_matrix": [
        [
          -0.509055145639449,
          -0.09107056921659289,
          0.8559023666040422,
          4.359408458780022
        ],
        [
          0.860726255359562,
          -0.0580296399861733,
          0.5057496670716579,
          2.285236228108781
        ],
        [
          0.003608789436562427,
          0.9941522575320022,
          0.10792712816157915,
          0.13857572001461177
        ],
        [
          0.0,
          0.0,
          0.0,
          1.0
        ]
      ]
    },
    {
      "file_path": "./images/0025.jpg",
      "sharpness": 39.237588034354324,
      "transform_matrix": [
        [
          0.1984286771572134,
          -0.09727418457518264,
          0.9752762778973929,
          3.7611041635874054
        ],
        [
          0.9801122330871821,
          0.017186958624009388,
          -0.19769836613199393,
          -1.0170966970555058
        ],
        [
          0.0024689113949332136,
          0.9951092112665929,
          0.09875000013569833,
          0.03272364599689329
        ],
        [
          0.0,
          0.0,
          0.0,
          1.0
        ]
      ]
    },
    {
      "file_path": "./images/0090.jpg",
      "sharpness": 13.073679580570742,
      "transform_matrix": [
        [
          0.9936178323430173,
          -0.027737343504772992,
          -0.10933674074887743,
          -0.8309936546124677
        ],
        [
          -0.10590655253044007,
          0.10426141478283762,
          -0.9888951608770025,
          -3.710996671787677
        ],
        [
          0.03882891789318425,
          0.9941630647109216,
          0.1006584127870636,
          0.09817665447443219
        ],
        [
          0.0,
          0.0,
          0.0,
          1.0
        ]
      ]
    },
    {
      "file_path": "./images/0029.jpg",
      "sharpness": 22.832232569334227,
      "transform_matrix": [
        [
          0.8258030819063391,
          -0.09961849538651533,
          0.5550906707363663,
          1.8549124111776067
        ],
        [
          0.5606180690963282,
          0.03803183127862108,
          -0.8272008147806141,
          -3.5378911293901867
        ],
        [
          0.06129337533251217,
          0.9942986151004133,
          0.08725472367642609,
          0.07579604346305786
        ],
        [
          0.0,
          0.0,
          0.0,
          1.0
        ]
      ]
    },
    {
      "file_path": "./images/0087.jpg",
      "sharpness": 65.71411480771168,
      "transform_matrix": [
        [
          0.7484929348454066,
          -0.07176123711807418,
          0.6592483007703076,
          2.402947852771546
        ],
        [
          0.6631424403868529,
          0.08147427568670643,
          -0.7440455072208679,
          -3.1041044209714888
        ],
        [
          -0.0003181382632808302,
          0.9940886594477796,
          0.1085708773099638,
          0.15453870375314543
        ],
        [
          0.0,
          0.0,
          0.0,
          1.0
        ]
      ]
    },
    {
      "file_path": "./images/0028.jpg",
      "sharpness": 32.3746443262736,
      "transform_matrix": [
        [
          0.6976126197655131,
          -0.10187917458380139,
          0.7091944793670198,
          2.4312472653798594
        ],
        [
          0.7149198650138329,
          0.03380352070049667,
          -0.6983884677407565,
          -2.9825680774939816
        ],
        [
          0.04717799464873523,
          0.9942222857994693,
          0.09641722882084651,
          0.11717001952310638
        ],
        [
          0.0,
          0.0,
          0.0,
          1.0
        ]
      ]
    },
    {
      "file_path": "./images/0082.jpg",
      "sharpness": 80.33183804535574,
      "transform_matrix": [
        [
          -0.3421660916489252,
          -0.11238450936503959,
          0.9328944306310112,
          4.642671694323347
        ],
        [
          0.9395970242268716,
          -0.0314880441647108,
          0.34083114123718167,
          1.3128023361445162
        ],
        [
          -0.008929126586454273,
          0.9931657587348995,
          0.11637029411341163,
          0.10818077227345546
        ],
        [
          0.0,
          0.0,
          0.0,
          1.0
        ]
      ]
    },
    {
      "file_path": "./images/0030.jpg",
      "sharpness": 57.67872069617377,
      "transform_matrix": [
        [
          0.9270578468934398,
          -0.10048418694309122,
