{
    "camera_angle_x": 0.7481849417937728,
    "camera_angle_y": 1.2193576119562444,
    "fl_x": 1375.52,
    "fl_y": 1374.49,
    "k1": 0.0578421,
    "k2": -0.0805099,
    "p1": -0.000980296,
    "p2": 0.00015575,
    "cx": 554.558,
    "cy": 965.268,
    "w": 1080.0,
    "h": 1920.0,
    "aabb_scale": 1,
    "n_extra_learnable_dims": 16,
    "scale": 0.2,
    "offset": [0.5,-0.5,0.3],
    "frames": [
        {
            "file_path": "images/f0716118-7e30-41d4-b0c3-1ffe54564ad3.png",
            "sharpness": 100,
            "transform_matrix": [
                [
                    -6.038841847270783e-17,
                    1.0,
                    1.0131059718497611e-17,
                    0.0
                ],
                [
                    0.9862177162387162,
                    6.123233995736766e-17,
                    -0.16545276116430058,
                    6.871575745617803
                ],
                [
                    -0.16545276116430058,
                    0.0,
                    -0.9862177162387162,
                    -0.2941358475557481
                ],
                [
                    0.0,
                    0.0,
                    0.0,
                    1.0
                ]
            ]
        },
        {
            "file_path": "images/6c0ef777-8790-42d2-8630-39717f2b27ef.png",
            "sharpness": 100,
            "transform_matrix": [
                [
                    -6.039842928842442e-17,
                    1.0,
                    1.0071206290501667e-17,
                    0.0
                ],
                [
                    0.9863812052663046,
                    6.123233995736766e-17,
                    -0.16447528050558957,
                    6.903990590815493
                ],
                [
                    -0.16447528050558957,
                    0.0,
                    -0.9863812052663046,
                    -0.0594595118149219
                ],
                [
                    0.0,
                    0.0,
                    0.0,
                    1.0
                ]
            ]
        },
        {
            "file_path": "images/f06b2148-1812-4f80-9008-86bcfc767959.png",
            "sharpness": 100,
            "transform_matrix": [
                [
                    -6.013725448979968e-17,
                    1.0,
                    1.1528663369346527e-17,
                    0.0
                ],
                [
                    0.9821158971169415,
                    6.123233995736766e-17,
                    -0.18827736090721392,
                    6.947241413764767
                ],
                [
                    -0.18827736090721392,
                    0.0,
                    -0.9821158971169415,
                    0.2056455469143728
                ],
                [
                    0.0,
                    0.0,
                    0.0,
                    1.0
                ]
            ]
        },
        {
            "file_path": "images/dab11322-0baf-49e1-a51e-d4f08883bdb3.png",
            "sharpness": 100,
            "transform_matrix": [
                [
                    -6.122958073708059e-17,
                    1.0,
                    -5.812911628207156e-19,
                    0.0
                ],
                [
                    0.9999549385130637,
                    6.123233995736766e-17,
                    0.009493205113922367,
                    6.97987972571269
                ],
                [
                    0.009493205113922367,
                    0.0,
                    -0.9999549385130637,
                    0.3945258256883253
                ],
                [
                    0.0,
                    0.0,
                    0.0,
                    1.0
                ]
            ]
        },
        {
            "file_path": "images/e84b0118-4db3-4c0a-986f-bab7a90d288e.png",
            "sharpness": 100,
            "transform_matrix": [
                [
                    -6.001474166232211e-17,
                    1.0,
                    -1.2150318508556965e-17,
                    0.0
                ],
                [
                    0.9801151108075686,
                    6.123233995736766e-17,
                    0.19842975978080357,
                    7.054911157196976
                ],
                [
                    0.19842975978080357,
                    0.0,
                    -0.9801151108075686,
                    0.4196704233874536
                ],
                [
                    0.0,
                    0.0,
                    0.0,
                    1.0
                ]
            ]
        },
        {
            "file_path": "images/bad2eb43-d3c3-4c3a-bc85-bffc1072093e.png",
            "sharpness": 100,
            "transform_matrix": [
                [
                    -5.502733768716995e-17,
                    1.0,
                    -2.6858733471941862e-17,
                    0.0
                ],
                [
                    0.8986646227382805,
                    6.123233995736766e-17,
                    0.4386364050539626,
                    7.081256123399265
                ],
                [
                    0.4386364050539626,
                    0.0,
                    -0.8986646227382805,
                    0.44452178580404383
                ],
                [
                    0.0,
                    0.0,
                    0.0,
                    1.0
                ]
            ]
        },
        {
            "file_path": "images/1c493023-b920-422d-ad23-686794e23d5a.png",
            "sharpness": 100,
            "transform_matrix": [
                [
                    -4.7907495851647805e-17,
                    1.0,
                    -3.8134909176225825e-17,
                    0.0
                ],
                [
                    0.7823887815654745,
                    6.123233995736766e-17,
                    0.6227903294693103,
                    7.066603839883151
                ],
                [
                    0.6227903294693103,
                    0.0,
                    -0.7823887815654745,
                    0.44167514705547883
                ],
                [
                    0.0,
                    0.0,
                    0.0,
                    1.0
                ]
            ]
        },
        {
            "file_path": "images/6e6c29cb-92c9-4951-8638-dd30f7c015b4.png",
            "sharpness": 100,
            "transform_matrix": [
                [
                    -3.825135559895903e-17,
                    1.0,
                    -4.7814571539402396e-17,
                    0.0
                ],
                [
                    0.6246920438707898,
                    6.123233995736766e-17,
                    0.7808712123804638,
                    7.064177323320967
                ],
                [
                    0.7808712123804638,
                    0.0,
                    -0.6246920438707898,
                    0.4390225346987924
                ],
                [
                    0.0,
                    0.0,
                    0.0,
                    1.0
                ]
            ]
        },
        {
            "file_path": "images/0432da01-56ab-44a6-a17a-35bff988d07b.png",
            "sharpness": 100,
            "transform_matrix": [
                [
                    -2.805512778344116e-17,
                    1.0,
                    -5.442710043452097e-17,
                    0.0
                ],
                [
                    0.45817500691585905,
                    6.123233995736766e-17,
                    0.8888620044965656,
                    7.065524822069762
                ],
                [
                    0.8888620044965656,
                    0.0,
                    -0.45817500691585905,
                    0.45422845683199975
                ],
                [
                    0.0,
                    0.0,
                    0.0,
                    1.0
                ]
            ]
        },
        {
            "file_path": "images/964e7fb5-1ffb-448f-a8fe-3091037fdaaa.png",
            "sharpness": 100,
            "transform_matrix": [
                [
                    -1.530834852369489e-17,
                    1.0,
                    -5.928789018114688e-17,
                    0.0
                ],
                [
                    0.25000430384259625,
                    6.123233995736766e-17,
                    0.9682447252942713,
                    7.062009255112581
                ],
                [
                    0.9682447252942713,
                    0.0,
                    -0.25000430384259625,
                    0.515129699600726
                ],
                [
                    0.0,
                    0.0,
                    0.0,
                    1.0
                ]
            ]
        },
        {
            "file_path": "images/efec5b7b-a18a-43e1-aa85-5f3e47efe86e.png",
            "sharpness": 100,
            "transform_matrix": [
                [
                    -2.728121973792761e-18,
                    1.0,
                    -6.11715359227701e-17,
                    0.0
                ],
                [
                    0.044553612938721364,
                    6.123233995736766e-17,
                    0.9990069947573473,
                    7.086533500659991
                ],
                [
                    0.9990069947573473,
                    0.0,
                    -0.044553612938721364,
                    0.5467156525229272
                ],
                [
                    0.0,
                    0.0,
                    0.0,
                    1.0
                ]
            ]
        },
        {
            "file_path": "images/9b3adf6d-1e02-4f34-83b5-738c7f5fd651.png",
            "sharpness": 100,
            "transform_matrix": [
                [
                    1.165723931904887e-17,
                    1.0,
                    -6.011246316790774e-17,
                    0.0
                ],
                [
                    -0.19037716551686729,
                    6.123233995736766e-17,
                    0.9817110241052421,
                    7.079340460683755
                ],
                [
                    0.9817110241052421,
                    0.0,
                    0.19037716551686729,
                    0.5138123438261867
                ],
                [
                    0.0,
                    0.0,
                    0.0,
                    1.0
                ]
            ]
        },
        {
            "file_path": "images/f1845f10-5597-4375-b2e9-3e1d669130e3.png",
            "sharpness": 100,
            "transform_matrix": [
                [
                    2.42743655786141e-17,
                    1.0,
                    -5.621525266696254e-17,
                    0.0
                ],
                [
                    -0.3964304744113137,
                    6.123233995736766e-17,
                    0.9180647466045196,
                    7.076796980565476
                ],
                [
                    0.9180647466045196,
                    0.0,
                    0.3964304744113137,
                    0.48938992062859565
                ],
                [
                    0.0,
                    0.0,
                    0.0,
                    1.0
                ]
            ]
        },
        {
            "file_path": "images/374152d5-8700-4310-81ef-80023cb5a7b2.png",
            "sharpness": 100,
            "transform_matrix": [
                [
                    3.5724640534121117e-17,
                    1.0,
                    -4.973077030735071e-17,
                    0.0
                ],
                [
                    -0.5834276553695972,
                    6.123233995736766e-17,
                    0.8121651131081257,
                    7.057402919962035
                ],
                [
                    0.8121651131081257,
                    0.0,
                    0.5834276553695972,
                    0.4829001994968284
                ],
                [
                    0.0,
                    0.0,
                    0.0,
                    1.0
                ]
            ]
        },
        {
            "file_path": "images/598bbc84-25f0-43dd-be65-7cb3bfd72689.png",
            "sharpness": 100,
            "transform_matrix": [
                [
                    4.580570343052817e-17,
                    1.0,
                    -4.0635415463474023e-17,
                    0.0
                ],
                [
                    -0.7480639064654379,
                    6.123233995736766e-17,
                    0.6636266961505306,
                    7.065143734596164
                ],
                [
                    0.6636266961505306,
                    0.0,
                    0.7480639064654379,
                    0.49407796674407367
                ],
                [
                    0.0,
                    0.0,
                    0.0,
                    1.0
                ]
            ]
        },
        {
            "file_path": "images/fea99188-95ed-4973-9733-c0fc1a312e1f.png",
            "sharpness": 100,
            "transform_matrix": [
                [
                    5.341381474440933e-17,
                    1.0,
                    -2.9939336183432067e-17,
                    0.0
                ],
                [
                    -0.8723137933581847,
                    6.123233995736766e-17,
                    0.4889464652874118,
                    7.072207484868753
                ],
                [
                    0.4889464652874118,
                    0.0,
                    0.8723137933581847,
                    0.4927434979914628
                ],
                [
                    0.0,
                    0.0,
                    0.0,
                    1.0
                ]
            ]
        },
        {
            "file_path": "images/3a755404-96f2-445b-888d-9b6c6cc09c44.png",
            "sharpness": 100,
            "transform_matrix": [
                [
                    5.858857050050125e-17,
                    1.0,
                    -1.7798282595869728e-17,
                    0.0
                ],
                [
                    -0.9568239682052473,
                    6.123233995736766e-17,
                    0.29066801314895996,
                    7.0765448546417655
                ],
                [
                    0.29066801314895996,
                    0.0,
                    0.9568239682052473,
                    0.49008040142670745
                ],
                [
                    0.0,
                    0.0,
                    0.0,
                    1.0
                ]
            ]
        },
        {
            "file_path": "images/a242bdb0-ddbf-4eb0-9abc-13ac5d61fe7a.png",
            "sharpness": 100,
            "transform_matrix": [
                [
                    6.107639537943615e-17,
                    1.0,
                    -4.367308565860041e-18,
                    0.0
                ],
                [
                    -0.9974532317719675,
                    6.123233995736766e-17,
                    0.07132356151832074,
                    7.086618586039855
                ],
                [
                    0.07132356151832074,
                    0.0,
                    0.9974532317719675,
                    0.4832338581512298
                ],
                [
                    0.0,
                    0.0,
                    0.0,
                    1.0
                ]
            ]
        },
        {
            "file_path": "images/5841284b-7e11-4fa4-863a-bda67e22195f.png",
            "sharpness": 100,
            "transform_matrix": [
                [
                    6.05000189687634e-17,
                    1.0,
                    9.44177745098415e-18,
                    0.0
                ],
                [
                    -0.9880402906517352,
                    6.123233995736766e-17,
                    -0.15419592747162503,
                    7.063798546863084
                ],
                [
                    -0.15419592747162503,
                    0.0,
                    0.9880402906517352,
                    0.45789433941935914
                ],
                [
                    0.0,
                    0.0,
                    0.0,
                    1.0
                ]
            ]
        },
        {
            "file_path": "images/2249f84c-6507-4af6-ac59-1234c4e81819.png",
            "sharpness": 100,
            "transform_matrix": [
                [
                    5.707334187389653e-17,
                    1.0,
                    2.2181819222055996e-17,
                    0.0
                ],
                [
                    -0.9320784068293522,
                    6.123233995736766e-17,
                    -0.36225659900470636,
                    7.063268557349459
                ],
                [
                    -0.36225659900470636,
                    0.0,
                    0.9320784068293522,
                    0.4693511189911183
                ],
                [
                    0.0,
                    0.0,
                    0.0,
                    1.0
                ]
            ]
        },
        {
            "file_path": "images/2bd675ff-e202-4af3-b0bf-d6e6e0c6632f.png",
            "sharpness": 100,
            "transform_matrix": [
                [
                    5.133084053783715e-17,
                    1.0,
                    3.338479094338886e-17,
                    0.0
                ],
                [
                    -0.8382962430241222,
                    6.123233995736766e-17,
                    -0.5452150116528724,
                    7.064633332768887
                ],
                [
                    -0.5452150116528724,
                    0.0,
                    0.8382962430241222,
                    0.4663732195430103
                ],
                [
                    0.0,
                    0.0,
                    0.0,
                    1.0
                ]
            ]
        },
        {
            "file_path": "images/ddfbb82d-6157-459d-9807-2a644bc58397.png",
            "sharpness": 100,
            "transform_matrix": [
                [
                    4.2930012311790594e-17,
                    1.0,
                    4.366249534284718e-17,
                    0.0
                ],
                [
                    -0.7011003064994763,
                    6.123233995736766e-17,
                    -0.7130626622018155,
                    7.068436545700216
                ],
                [
                    -0.7130626622018155,
                    0.0,
                    0.7011003064994763,
                    0.4641524775376011
                ],
                [
                    0.0,
                    0.0,
                    0.0,
                    1.0
                ]
            ]
        },
        {
            "file_path": "images/0d8f2e07-fcea-4b34-9a5b-3c778ad9ba73.png",
            "sharpness": 100,
            "transform_matrix": [
                [
                    3.275410900811298e-17,
                    1.0,
                    5.173555643596864e-17,
                    0.0
                ],
                [
                    -0.5349151940121456,
                    6.123233995736766e-17,
                    -0.8449057552265511,
                    7.07511152051136
                ],
                [
                    -0.8449057552265511,
                    0.0,
                    0.5349151940121456,
                    0.46511073114120693
                ],
                [
                    0.0,
                    0.0,
                    0.0,
                    1.0
                ]
            ]
        },
        {
            "file_path": "images/c18b01f9-c276-49fa-8526-a8fe1ddf0e9b.png",
            "sharpness": 100,
            "transform_matrix": [
                [
                    2.029004489069923e-17,
                    1.0,
                    5.777294812442978e-17,
                    0.0
                ],
                [
                    -0.3313615795970879,
                    6.123233995736766e-17,
                    -0.9435038439598022,
                    7.092397094079358
                ],
                [
                    -0.9435038439598022,
                    0.0,
                    0.3313615795970879,
                    0.45601763872050727
                ],
                [
                    0.0,
                    0.0,
                    0.0,
                    1.0
                ]
            ]
        },
        {
            "file_path": "images/48a3c9dd-7613-4340-b0ed-a22df0286808.png",
            "sharpness": 100,
            "transform_matrix": [
                [
                    7.924378989404386e-18,
                    1.0,
                    6.071740832979394e-17,
                    0.0
                ],
                [
                    -0.12941493000139545,
                    6.123233995736766e-17,
                    -0.9915905283395631,
                    7.081559074576936
                ],
                [
                    -0.9915905283395631,
                    0.0,
                    0.12941493000139545,
                    0.4622082005193359
                ],
                [
                    0.0,
                    0.0,
                    0.0,
                    1.0
                ]
            ]
        },
        {
            "file_path": "images/c9090ab7-7e1c-4745-b92e-1fc32bd6dda0.png",
            "sharpness": 100,
            "transform_matrix": [
                [
                    -4.326670640303002e-18,
                    1.0,
                    6.107928763357497e-17,
                    0.0
                ],
                [
                    0.0706598938292314,
                    6.123233995736766e-17,
                    -0.9975004658665788,
                    7.085535031285114
                ],
                [
                    -0.9975004658665788,
                    0.0,
                    -0.0706598938292314,
                    0.4660054188147533
                ],
                [
                    0.0,
                    0.0,
                    0.0,
                    1.0
                ]
            ]
        },
        {
            "file_path": "images/5ee68fdc-3651-4337-b883-9e1a3d954d06.png",
            "sharpness": 100,
            "transform_matrix": [
                [
                    -1.782696038864311e-17,
                    1.0,
                    5.857985097246658e-17,
                    0.0
                ],
                [
                    0.29113635704686336,
                    6.123233995736766e-17,
                    -0.9566815675058662,
                    7.077516160385478
                ],
                [
                    -0.9566815675058662,
                    0.0,
                    -0.29113635704686336,
                    0.4689409034261088
                ],
                [
                    0.0,
                    0.0,
                    0.0,
                    1.0
                ]
            ]
        },
        {
            "file_path": "images/96a74200-290a-4fab-b281-fdce11ab8e64.png",
            "sharpness": 100,
            "transform_matrix": [
                [
                    -2.9835789829378047e-17,
                    1.0,
                    5.3471722451327727e-17,
                    0.0
                ],
                [
                    0.4872554249952049,
                    6.123233995736766e-17,
                    -0.8732594979802637,
                    7.080391988932023
                ],
                [
                    -0.8732594979802637,
                    0.0,
                    -0.4872554249952049,
                    0.4759389730762973
                ],
                [
                    0.0,
                    0.0,
                    0.0,
                    1.0
                ]
            ]
        },
        {
            "file_path": "images/5ece7c19-2ab0-4a82-9b7d-648e120f630e.png",
            "sharpness": 100,
            "transform_matrix": [
                [
                    -4.0799172282326405e-17,
                    1.0,
                    4.5659905800731706e-17,
                    0.0
                ],
                [
                    0.6663010479549267,
                    6.123233995736766e-17,
                    -0.7456828504761032,
                    7.129204413012459
                ],
                [
                    -0.7456828504761032,
                    0.0,
                    -0.6663010479549267,
                    0.45504098451694114
                ],
                [
                    0.0,
                    0.0,
                    0.0,
                    1.0
                ]
            ]
        },
        {
            "file_path": "images/3a9d0d56-b9ee-478a-8fde-79104a49c26c.png",
            "sharpness": 100,
            "transform_matrix": [
                [
                    -5.024466645309705e-17,
                    1.0,
                    3.4998184948246505e-17,
                    0.0
                ],
                [
                    0.8205576740669938,
                    6.123233995736766e-17,
                    -0.5715637353172132,
                    7.117802725659809
                ],
                [
                    -0.5715637353172132,
                    0.0,
                    -0.8205576740669938,
                    0.4501701757203086
                ],
                [
                    0.0,
                    0.0,
                    0.0,
                    1.0
                ]
            ]
        },
        {
            "file_path": "images/73c48945-3302-4d13-ab22-f28cf3a61cd5.png",
            "sharpness": 100,
            "transform_matrix": [
                [
                    -5.642878020171056e-17,
                    1.0,
                    2.3773771715941154e-17,
                    0.0
                ],
                [
                    0.9215519158829871,
                    6.123233995736766e-17,
                    -0.38825515622126117,
                    7.103730472104468
                ],
                [
                    -0.38825515622126117,
                    0.0,
                    -0.9215519158829871,
                    0.4532393756069095
                ],
                [
                    0.0,
                    0.0,
                    0.0,
                    1.0
                ]
            ]
        },
        {
            "file_path": "images/7f8847c3-de3a-4ab3-baf1-de4769605101.png",
            "sharpness": 100,
            "transform_matrix": [
                [
                    -6.022877078785912e-17,
                    1.0,
                    1.1040589931619209e-17,
                    0.0
                ],
                [
                    0.9836104716852686,
                    6.123233995736766e-17,
                    -0.1803065167737522,
                    7.072905929169003
                ],
                [
                    -0.1803065167737522,
                    0.0,
                    -0.9836104716852686,
                    0.4536428265745947
                ],
                [
                    0.0,
                    0.0,
                    0.0,
                    1.0
                ]
            ]
        },
        {
            "file_path": "images/5f8596e3-4b48-42b5-8f84-35ca4f79103d.png",
            "sharpness": 100,
            "transform_matrix": [
                [
                    -6.03717028740151e-17,
                    1.0,
                    1.0230197884023623e-17,
                    0.0
                ],
                [
                    0.9859447297955334,
                    6.123233995736766e-17,
                    -0.16707181027454257,
                    7.12851991176326
                ],
                [
                    -0.16707181027454257,
                    0.0,
                    -0.9859447297955334,
                    0.6773608447646482
                ],
                [
                    0.0,
                    0.0,
                    0.0,
                    1.0
                ]
            ]
        },
        {
            "file_path": "images/69e77f96-0e2d-41c3-9d70-22d4776224d0.png",
            "sharpness": 100,
            "transform_matrix": [
                [
                    -6.043324866302474e-17,
                    1.0,
                    9.860117275553171e-18,
                    0.0
                ],
                [
                    0.9869498488070312,
                    6.123233995736766e-17,
                    -0.16102793527763545,
                    7.176377111512825
                ],
                [
                    -0.16102793527763545,
                    0.0,
                    -0.9869498488070312,
                    0.9215334708316163
                ],
                [
                    0.0,
                    0.0,
                    0.0,
                    1.0
                ]
            ]
        },
        {
            "file_path": "images/065ad263-5d22-414d-a338-b8895deeb5bc.png",
            "sharpness": 100,
            "transform_matrix": [
                [
                    -6.03306665649737e-17,
                    1.0,
                    1.0469485588156163e-17,
                    0.0
                ],
                [
                    0.9852745560104065,
                    6.123233995736766e-17,
                    -0.1709796750450077,
                    7.193630637971639
                ],
                [
                    -0.1709796750450077,
                    0.0,
                    -0.9852745560104065,
                    1.1398057417707645
                ],
                [
                    0.0,
                    0.0,
                    0.0,
                    1.0
                ]
            ]
        },
        {
            "file_path": "images/6ba81d27-e70a-4722-bacd-9a9dd06ec5a4.png",
            "sharpness": 100,
            "transform_matrix": [
                [
                    -6.044367706035095e-17,
                    1.0,
                    9.795986937447856e-18,
                    0.0
                ],
                [
                    0.9871201574598356,
                    6.123233995736766e-17,
                    -0.1599806073762362,
                    7.244850261512919
                ],
                [
                    -0.1599806073762362,
                    0.0,
                    -0.9871201574598356,
                    1.3916539420399732
                ],
                [
                    0.0,
                    0.0,
                    0.0,
                    1.0
                ]
            ]
        },
        {
            "file_path": "images/d99433ea-f812-44eb-bdbb-84d64e9403c8.png",
            "sharpness": 100,
            "transform_matrix": [
                [
                    -6.044984299995427e-17,
                    1.0,
                    9.757865439506901e-18,
                    0.0
                ],
                [
                    0.9872208548953348,
                    6.123233995736766e-17,
                    -0.15935803606886012,
                    7.282876718478152
                ],
                [
                    -0.15935803606886012,
                    0.0,
                    -0.9872208548953348,
                    1.620617316195029
                ],
                [
                    0.0,
                    0.0,
                    0.0,
                    1.0
                ]
            ]
        },
        {
            "file_path": "images/f8ed4290-9a19-480a-a219-3ce17e0f267b.png",
            "sharpness": 100,
            "transform_matrix": [
                [
                    -6.05477835529741e-17,
                    1.0,
                    9.130463486419727e-18,
                    0.0
                ],
                [
                    0.9888203455090859,
                    6.123233995736766e-17,
                    -0.14911178460233124,
                    7.345064522892362
                ],
                [
                    -0.14911178460233124,
                    0.0,
                    -0.9888203455090859,
                    1.846559548519095
                ],
                [
                    0.0,
                    0.0,
                    0.0,
                    1.0
                ]
            ]
        },
        {
            "file_path": "images/e27b3533-527f-4042-bb86-fdcd1c1165f8.png",
            "sharpness": 100,
            "transform_matrix": [
                [
                    -6.069816057025137e-17,
                    1.0,
                    8.070486976795558e-18,
                    0.0
                ],
                [
                    0.9912761885714606,
                    6.123233995736766e-17,
                    -0.13180105451489435,
                    7.37841694484781
                ],
                [
                    -0.13180105451489435,
                    0.0,
                    -0.9912761885714606,
                    2.0684780829212897
                ],
                [
                    0.0,
                    0.0,
                    0.0,
                    1.0
                ]
            ]
        },
        {
            "file_path": "images/8faf56b5-a292-4262-8c18-be5692abae81.png",
            "sharpness": 100,
            "transform_matrix": [
                [
                    -6.086129995978301e-17,
                    1.0,
                    6.73064810103459e-18,
                    0.0
                ],
                [
                    0.993940456989836,
                    6.123233995736766e-17,
                    -0.10991982514012577,
                    7.406520522038887
                ],
                [
                    -0.10991982514012577,
                    0.0,
                    -0.993940456989836,
                    2.3061216971297105
                ],
                [
                    0.0,
                    0.0,
                    0.0,
                    1.0
                ]
            ]
        },
        {
            "file_path": "images/71105961-73cb-460f-85c9-6c3d851d1762.png",
            "sharpness": 100,
            "transform_matrix": [
                [
                    -6.106620624516732e-17,
                    1.0,
                    -4.50753940385795e-18,
                    0.0
                ],
                [
                    0.9972868305814213,
                    6.123233995736766e-17,
                    0.07361370489836375,
                    7.431005835322849
                ],
                [
                    0.07361370489836375,
                    0.0,
                    -0.9972868305814213,
                    2.3642973667977616
                ],
                [
                    0.0,
                    0.0,
                    0.0,
                    1.0
                ]
            ]
        },
        {
            "file_path": "images/56fb7e38-9db5-46e8-93cd-8a5e37f228a4.png",
            "sharpness": 100,
            "transform_matrix": [
                [
                    -5.809832552538356e-17,
                    1.0,
                    -1.9338666650035855e-17,
                    0.0
                ],
                [
                    0.9488176601748991,
                    6.123233995736766e-17,
                    0.3158243938333924,
                    7.431004050245123
                ],
                [
                    0.3158243938333924,
                    0.0,
                    -0.9488176601748991,
                    2.384349886271111
                ],
                [
                    0.0,
                    0.0,
                    0.0,
                    1.0
                ]
            ]
        },
        {
            "file_path": "images/744bbc7f-e97a-430a-9af3-e36015be5f75.png",
            "sharpness": 100,
            "transform_matrix": [
                [
                    -5.2606901754348405e-17,
                    1.0,
                    -3.133549655682799e-17,
                    0.0
                ],
                [
                    0.8591359041802972,
                    6.123233995736766e-17,
                    0.5117474945207873,
                    7.424450994238376
                ],
                [
                    0.5117474945207873,
                    0.0,
                    -0.8591359041802972,
                    2.3912453672998155
                ],
                [
                    0.0,
                    0.0,
                    0.0,
                    1.0
                ]
            ]
        },
        {
            "file_path": "images/7e61d03a-6922-4102-89df-f829e22c0608.png",
            "sharpness": 100,
            "transform_matrix": [
                [
                    -4.474942353740341e-17,
                    1.0,
                    -4.1795795837915674e-17,
                    0.0
                ],
                [
                    0.7308135467068497,
                    6.123233995736766e-17,
                    0.6825771457862877,
                    7.422763234151703
                ],
                [
                    0.6825771457862877,
                    0.0,
                    -0.7308135467068497,
                    2.3937997971666074
                ],
                [
                    0.0,
                    0.0,
                    0.0,
                    1.0
                ]
            ]
        },
        {
            "file_path": "images/7960b955-8eaf-407f-81eb-fe60f039e783.png",
            "sharpness": 100,
            "transform_matrix": [
                [
                    -3.4130793285552754e-17,
                    1.0,
                    -5.08378639043136e-17,
                    0.0
                ],
                [
                    0.5573981544607954,
                    6.123233995736766e-17,
                    0.8302453236265166,
                    7.416968587353249
                ],
                [
                    0.8302453236265166,
                    0.0,
                    -0.5573981544607954,
                    2.3841724233233808
                ],
                [
                    0.0,
                    0.0,
                    0.0,
                    1.0
                ]
            ]
        },
        {
            "file_path": "images/50e8cbbe-e798-4215-9504-ef80391e95a2.png",
            "sharpness": 100,
            "transform_matrix": [
                [
                    -2.3517870725533484e-17,
                    1.0,
                    -5.653591082835528e-17,
                    0.0
                ],
                [
                    0.38407597589619374,
                    6.123233995736766e-17,
                    0.9233014917887798,
                    7.417736729397603
                ],
                [
                    0.9233014917887798,
                    0.0,
