{
  "camera_angle_x": 1.0513434929148198,
  "camera_angle_y": 0.8213550158400768,
  "fl_x": 551.6123448826017,
  "fl_y": 551.1705168571568,
  "k1": 0.08441652160579942,
  "k2": -0.1699920654674542,
  "k3": 0,
  "k4": 0,
  "p1": -0.00139749458849916,
  "p2": 0.001787832523325473,
  "is_fisheye": false,
  "cx": 321.49626660905733,
  "cy": 236.39119936754054,
  "w": 640.0,
  "h": 480.0,
  "aabb_scale": 32,
  "frames": [
    {
      "file_path": "./images/1.png",
      "sharpness": 223.5290451647335,
      "transform_matrix": [
        [
          0.23078187075964385,
          0.14095892598253634,
          0.9627410395737056,
          3.870903895059538
        ],
        [
          0.9719915406286636,
          -0.07855817408130503,
          -0.22149730976082435,
          -0.855186524124554
        ],
        [
          0.044409155290140764,
          0.9868937097965187,
          -0.15514068600907266,
          -0.831874906008074
        ],
        [
          0.0,
          0.0,
          0.0,
          1.0
        ]
      ]
    },
    {
      "file_path": "./images/11.png",
      "sharpness": 209.93328855726452,
      "transform_matrix": [
        [
          0.07827679288123424,
          0.013324196245597664,
          0.9968426202041962,
          4.015639019555601
        ],
        [
          0.9962981521905667,
          -0.03668669748604918,
          -0.07774366964057883,
          -0.6080823346750429
        ],
        [
          0.03553499173748799,
          0.9992379856605265,
          -0.01614658911952538,
          -0.08758740238094052
        ],
        [
          0.0,
          0.0,
          0.0,
          1.0
        ]
      ]
    },
    {
      "file_path": "./images/18.png",
      "sharpness": 195.15834231820634,
      "transform_matrix": [
        [
          0.1549034618132635,
          -0.04861756956139679,
          0.9867326129266933,
          3.957963753246626
        ],
        [
          0.9879222183621745,
          0.0037589369087749035,
          -0.15490500592179127,
          -0.5329081727297518
        ],
        [
          0.0038220392629892234,
          0.9988103935623334,
          0.04861264951237931,
          0.24717893452470563
        ],
        [
          0.0,
          0.0,
          0.0,
          1.0
        ]
      ]
    },
    {
      "file_path": "./images/22.png",
      "sharpness": 201.33512851291232,
      "transform_matrix": [
        [
          0.46466055618176605,
          0.13274456229727324,
          0.8754824091175606,
          3.1400121516531856
        ],
        [
          0.8851742504527954,
          -0.09598739999474433,
          -0.4552504424792303,
          -1.9209540862688919
        ],
        [
          0.023603259469784296,
          0.9864914090796384,
          -0.16210362710117288,
          -0.7349392501868354
        ],
        [
          0.0,
          0.0,
          0.0,
          1.0
        ]
      ]
    },
    {
      "file_path": "./images/3.png",
      "sharpness": 223.0424089151065,
      "transform_matrix": [
        [
          0.6658070033760337,
          0.1285320066249276,
          0.7349697663804449,
          2.760528074255501
        ],
        [
          0.746046167808334,
          -0.1004557131187863,
          -0.6582733210454831,
          -2.5260201462609633
        ],
        [
          -0.010777278859135792,
          0.9866043649508002,
          -0.1627749283068643,
          -0.8819596588201833
        ],
        [
          0.0,
          0.0,
          0.0,
          1.0
        ]
      ]
    },
    {
      "file_path": "./images/23.png",
      "sharpness": 211.10326341548495,
      "transform_matrix": [
        [
          0.6788632225428162,
          0.13163559232621275,
          0.7223688779817693,
          2.624809483832219
        ],
        [
          0.7340887152247124,
          -0.10013308588160351,
          -0.671630198317134,
          -2.790769247841064
        ],
        [
          -0.016077414082501615,
          0.9862278823425944,
          -0.1646088722133355,
          -0.7307607522208717
        ],
        [
          0.0,
          0.0,
          0.0,
          1.0
        ]
      ]
    },
    {
      "file_path": "./images/31.png",
      "sharpness": 176.96457583227158,
      "transform_matrix": [
        [
          0.4552306351504708,
          -0.2014839016609613,
          0.8672769489366733,
          2.8810990627959114
        ],
        [
          0.8832683454839236,
          0.22500301223524585,
          -0.41135225093721317,
          -2.433565076867311
        ],
        [
          -0.11225906947709643,
          0.9532984222283644,
          0.28039261663234305,
          1.3894832340158718
        ],
        [
          0.0,
          0.0,
          0.0,
          1.0
        ]
      ]
    },
    {
      "file_path": "./images/12.png",
      "sharpness": 209.77966151757772,
      "transform_matrix": [
        [
          0.1951803272618139,
          -0.1018514742111031,
          0.9754644622004056,
          3.7431352552544888
        ],
        [
          0.9807655695866014,
          0.018361896508442117,
          -0.19432379748768916,
          -1.08003392698511
        ],
        [
          0.0018807877458339936,
          0.9946301412698744,
          0.10347630008755293,
          0.45091175543111506
        ],
        [
          0.0,
          0.0,
          0.0,
          1.0
        ]
      ]
    },
    {
      "file_path": "./images/29.png",
      "sharpness": 196.95031684611635,
      "transform_matrix": [
        [
          0.5368848762188435,
          -0.24220445007102964,
          0.8081408503585233,
          3.2624426138478713
        ],
        [
          0.8417638800381837,
          0.21789884684364172,
          -0.4939166557297169,
          -2.0580103120742366
        ],
        [
          -0.05646414739842415,
          0.945440160389022,
          0.32086555307018166,
          1.5725317286857647
        ],
        [
          0.0,
          0.0,
          0.0,
          1.0
        ]
      ]
    },
    {
      "file_path": "./images/15.png",
      "sharpness": 194.70005409188798,
      "transform_matrix": [
        [
          0.5363521816177023,
          -0.3137018261498737,
          0.7835288772656029,
          3.255425412577046
        ],
        [
          0.8439884565835777,
          0.19590649003773808,
          -0.4993036474077853,
          -1.9473959126217513
        ],
        [
          0.0031340738068009882,
          0.9290919283889014,
          0.3698355934044893,
          1.857580925637532
        ],
        [
          0.0,
          0.0,
          0.0,
          1.0
        ]
      ]
    },
    {
      "file_path": "./images/14.png",
      "sharpness": 205.94698705444335,
      "transform_matrix": [
        [
          0.5027745292364493,
          -0.2869188896578495,
          0.815411137692823,
          3.2550012037416423
        ],
        [
          0.8641198852059178,
          0.14206926167679,
          -0.4828179251832698,
          -2.1044821421497946
        ],
        [
          0.02268472470543971,
          0.9473615337396867,
          0.3193611241530682,
          1.5477471315414275
        ],
        [
          0.0,
          0.0,
          0.0,
          1.0
        ]
      ]
    },
    {
      "file_path": "./images/0.png",
      "sharpness": 68.008304554579,
      "transform_matrix": [
        [
          0.24990134056199959,
          0.19165294145480755,
          0.9491145715781452,
          3.353021146388192
        ],
        [
          0.9670963806150683,
          -0.09767749579583634,
          -0.2349121057251918,
          -0.3579081353674041
        ],
        [
          0.04768553852951554,
          0.9765901170972129,
          -0.20975660315729455,
          0.016552703533190882
        ],
        [
          0.0,
          0.0,
          0.0,
          1.0
        ]
      ]
    },
    {
      "file_path": "./images/16.png",
      "sharpness": 198.79267409336308,
      "transform_matrix": [
        [
          0.5777574044227588,
          -0.273677554193725,
          0.7689583720398316,
          3.3971568625787327
        ],
        [
          0.8114988855228925,
          0.09154531468807207,
          -0.5771386437882319,
          -1.5976366830867237
        ],
        [
          0.0875553563122328,
          0.9574549867509811,
          0.27498001362208396,
          1.3606744938233255
        ],
        [
          0.0,
          0.0,
          0.0,
          1.0
        ]
      ]
    },
    {
      "file_path": "./images/30.png",
      "sharpness": 189.4671055737708,
      "transform_matrix": [
        [
          0.5043991372043299,
          -0.30509846142754493,
          0.8077725169792562,
          3.1292882208446375
        ],
        [
          0.8627986966301385,
          0.21498398679931216,
          -0.4575590612294347,
          -2.1335882781345705
        ],
        [
          -0.03405759053378315,
          0.9277374705274988,
          0.3716762923178665,
          1.8538695504571194
        ],
        [
          0.0,
          0.0,
          0.0,
          1.0
        ]
      ]
    },
    {
      "file_path": "./images/2.png",
      "sharpness": 221.73718949838212,
      "transform_matrix": [
        [
          0.47350516434157164,
          0.129905391648357,
          0.8711586816002457,
          3.278326756420773
        ],
        [
          0.8805636211568714,
          -0.09229240252851148,
          -0.4648546240821611,
          -1.7059731723983185
        ],
        [
          0.02001420570751436,
          0.9872217084431216,
          -0.15809089130442014,
          -0.8629284912079997
        ],
        [
          0.0,
          0.0,
          0.0,
          1.0
        ]
      ]
    },
    {
      "file_path": "./images/17.png",
      "sharpness": 194.4314993406508,
      "transform_matrix": [
        [
          0.2804081153941439,
          -0.14675791122939008,
          0.948595490331691,
          3.7195501737465926
        ],
        [
          0.9598142926949245,
          0.054508586117958356,
          -0.2752913685132849,
          -1.0203600233482921
        ],
        [
          -0.011305412753361908,
          0.9876694434353921,
          0.15614499067015766,
          0.7748088821215966
        ],
        [
          0.0,
          0.0,
          0.0,
          1.0
        ]
      ]
    },
    {
      "file_path": "./images/32.png",
      "sharpness": 223.07686146630184,
      "transform_matrix": [
        [
          0.7320895648798773,
          -0.1331495620992289,
          0.6680689059308971,
          2.4280901034461584
        ],
        [
          0.6811200904846376,
          0.12728642632340204,
          -0.7210225988219581,
          -2.9285007809600576
        ],
        [
          0.010967739723062767,
          0.9828882742977512,
          0.18387590624723055,
          0.7111467959938131
        ],
        [
          0.0,
          0.0,
          0.0,
          1.0
        ]
      ]
    },
    {
      "file_path": "./images/13.png",
      "sharpness": 235.53138694889282,
      "transform_matrix": [
        [
          0.3516736652168642,
          -0.17415395317819496,
          0.9197804269227924,
          3.4753955859832706
        ],
        [
          0.9361213073627801,
          0.06375457680342704,
          -0.3458500424142945,
          -1.568000727034905
        ],
        [
          0.0015909402227577071,
          0.9826524077689035,
          0.18545003203037955,
          0.9640966073055267
        ],
        [
          0.0,
          0.0,
          0.0,
          1.0
        ]
      ]
    },
    {
      "file_path": "./images/19.png",
      "sharpness": 212.64748299788369,
      "transform_matrix": [
        [
          0.04301785316852874,
          0.06619975817241162,
          0.9968786567539779,
          4.196810578676021
        ],
        [
          0.9983698695921555,
          -0.04031154519591366,
          -0.04040523251281425,
          -0.04547550135195948
        ],
        [
          0.03751090240533132,
          0.9969917609021486,
          -0.0678259600658572,
          -0.2821829517721316
        ],
        [
          0.0,
          0.0,
          0.0,
          1.0
        ]
      ]
    },
    {
      "file_path": "./images/34.png",
      "sharpness": 191.4585773136457,
      "transform_matrix": [
        [
          0.8801462933510947,
          0.05275752718497191,
          0.4717617466376284,
          1.7773681198005489
        ],
        [
          0.47381683185510237,
          -0.0369548833629513,
          -0.8798476836625635,
          -3.667133849518042
        ],
        [
          -0.028984687767366568,
          0.9979233336714224,
          -0.057523108000416476,
          -0.3226299979934669
        ],
        [
          0.0,
          0.0,
          0.0,
          1.0
        ]
      ]
    },
    {
      "file_path": "./images/4.png",
      "sharpness": 197.77581111043295,
      "transform_matrix": [
        [
          0.8364756631074158,
          0.12452940759990197,
          0.5336673979519048,
          2.1691180299585713
        ],
        [
          0.5461387979416387,
          -0.1091544086652643,
          -0.8305526644661085,
          -3.315540458032104
        ],
        [
          -0.04517608203911426,
          0.9861935619730147,
          -0.15931534734436964,
          -0.8818895859617277
        ],
        [
          0.0,
          0.0,
          0.0,
          1.0
        ]
      ]
    },
    {
      "file_path": "./images/5.png",
      "sharpness": 188.50769318576388,
      "transform_matrix": [
        [
          0.8981238102221649,
          0.1222869227218889,
          0.42239736032338326,
          1.9808137823212564
        ],
        [
          0.4353251350413528,
          -0.11143691433517657,
          -0.8933497864356585,
          -3.539490648183611
        ],
        [
          -0.06217433783971178,
          0.9862189019786385,
          -0.15331871724980756,
          -0.7213477641607888
        ],
        [
          0.0,
          0.0,
          0.0,
          1.0
        ]
      ]
    },
    {
      "file_path": "./images/7.png",
      "sharpness": 222.55775987141925,
      "transform_matrix": [
        [
          0.6001637832763912,
          0.1383899506622878,
          0.7878144799151566,
          3.1351553392950704
        ],
        [
          0.7997415775401543,
          -0.08568698755385996,
          -0.5941979041678661,
          -1.9024984323041125
        ],
        [
          -0.014725569106185082,
          0.9866640571566127,
          -0.16210242408624384,
          -0.7258249838621704
        ],
        [
          0.0,
          0.0,
          0.0,
          1.0
        ]
      ]
    },
    {
      "file_path": "./images/9.png",
      "sharpness": 212.4960405501366,
      "transform_matrix": [
        [
          0.1260855526777125,
          0.15426104529587895,
          0.9799520209046508,
          4.281024852075348
        ],
        [
          0.9905175846544283,
          -0.07391183350929774,
          -0.115809996794775,
          -0.17395923022702814
        ],
        [
          0.05456507945493002,
          0.9852616762751737,
          -0.16211749237018427,
          -0.7189277419586724
        ],
        [
          0.0,
          0.0,
          0.0,
          1.0
        ]
      ]
    },
    {
      "file_path": "./images/8.png",
      "sharpness": 215.42488723957268,
      "transform_matrix": [
        [
          0.3669912692089336,
          0.146303491333864,
          0.9186472101480896,
          3.7401419160086276
        ],
        [
          0.9299111122134586,
          -0.08332766313767015,
          -0.35822035667714036,
          -1.0586856276928762
        ],
        [
          0.024139836420852837,
          0.9857239922740214,
          -0.16662976720209366,
          -0.7124585432148963
        ],
        [
          0.0,
          0.0,
          0.0,
          1.0
        ]
      ]
    },
    {
      "file_path": "./images/33.png",
      "sharpness": 210.71835639038085,
      "transform_matrix": [
        [
          0.8178740217005953,
          -0.040856183416537184,
          0.5739449946369938,
          2.1073551730045925
        ],
        [
          0.5753858770260664,
          0.05177931175925458,
          -0.8162413830434208,
          -3.3223398317430006
        ],
        [
          0.0036300308478173227,
          0.9978224667321064,
          0.06585702487649255,
          0.1780346236127569
        ],
        [
          0.0,
          0.0,
          0.0,
          1.0
        ]
      ]
    },
    {
      "file_path": "./images/10.png",
      "sharpness": 225.29083087153967,
      "transform_matrix": [
        [
          -0.03373008143964826,
          0.13312412312406058,
          0.990525239160242,
          4.226117170060165
        ],
        [
          0.99679038795455,
          -0.06751610065061674,
          0.043017422450764946,
          -0.17620621646832613
        ],
        [
          0.0726030583869345,
          0.9887970185838991,
          -0.13041952276150887,
          -0.6144876879290775
        ],
        [
          0.0,
          0.0,
          0.0,
          1.0
        ]
      ]
    },
    {
      "file_path": "./images/20.png",
      "sharpness": 205.77153081152176,
      "transform_matrix": [
        [
          0.0033730070473739146,
          0.1549510763135365,
          0.9879163865113613,
          4.198760862554526
        ],
        [
          0.9970858582383677,
          -0.0758140151550287,
          0.0084868372839947,
          -0.20630937732693158
        ],
        [
          0.07621295247052637,
          0.9850088319504589,
          -0.154755248118449,
          -0.7219960759097982
        ],
        [
          0.0,
          0.0,
          0.0,
          1.0
        ]
      ]
    },
    {
      "file_path": "./images/25.png",
      "sharpness": 172.38181927489177,
      "transform_matrix": [
        [
          0.9109885153708774,
          0.10480589613220664,
          0.39889302947434363,
          1.9374802098207529
        ],
        [
          0.40821962624600233,
          -0.09125990186633895,
          -0.9083107216469892,
          -3.5788678994372267
        ],
        [
          -0.05879338042370877,
          0.9902965992127934,
          -0.12592054626157484,
          -0.6112952165024768
        ],
        [
          0.0,
          0.0,
          0.0,
          1.0
        ]
      ]
    },
    {
      "file_path": "./images/6.png",
      "sharpness": 187.13576627332898,
      "transform_matrix": [
        [
          0.7806440300851444,
          0.1270501690731173,
          0.611925773926746,
          2.570921702806139
        ],
        [
          0.6239478707711192,
          -0.10229792093653292,
          -0.7747413697048865,
          -2.742422241691486
        ],
        [
          -0.03583228756875939,
          0.9866070088316699,
          -0.15913094374350875,
          -0.7314315507730409
        ],
        [
          0.0,
          0.0,
          0.0,
          1.0
        ]
      ]
    },
    {
      "file_path": "./images/21.png",
      "sharpness": 221.46442272118463,
      "transform_matrix": [
        [
          0.2263007816227013,
          0.14467508526943304,
          0.9632533809461385,
          3.7008105522358283
        ],
        [
          0.9729785755318333,
          -0.08010643864417497,
          -0.21655403492834174,
          -1.0704958270146183
        ],
        [
          0.04583282439085835,
          0.98623124983703,
          -0.15889390805858727,
          -0.7342202180343028
        ],
        [
          0.0,
          0.0,
          0.0,
          1.0
        ]
      ]
    },
    {
      "file_path": "./images/27.png",
      "sharpness": 238.51702809444004,
      "transform_matrix": [
        [
          0.7923301055750338,
          -0.07358484066145812,
          0.6056387330655246,
          2.5929967106492398
        ],
        [
          0.6100878469656853,
          0.09949055422258868,
          -0.7860626238444435,
          -2.855978534454765
        ],
        [
          -0.0024130402858343197,
          0.9923139124342273,
          0.12372257833936427,
          0.40646544049655964
        ],
        [
          0.0,
          0.0,
          0.0,
          1.0
        ]
      ]
    },
    {
      "file_path": "./images/28.png",
      "sharpness": 232.62189735021587,
      "transform_matrix": [
        [
          0.6779073620016463,
          -0.14212817455256152,
          0.7212774712322961,
          2.8799123888148266
        ],
        [
          0.7349793743640388,
          0.15200379728820085,
          -0.6608329326458902,
          -2.44156896375446
        ],
        [
          -0.015713936124563815,
          0.9781075746429762,
          0.20750577004602178,
          0.9348044142866487
        ],
        [
          0.0,
          0.0,
          0.0,
          1.0
        ]
      ]
    },
    {
      "file_path": "./images/26.png",
      "sharpness": 198.9222777491145,
      "transform_matrix": [
        [
          0.8637515369635158,
          0.02252246641450245,
          0.5034143629900738,
          2.2803184799741425
        ],
        [
          0.503295619474199,
          0.011075614158284402,
          -0.8640433149958704,
          -3.2450131424444213
        ],
        [
          -0.025036009788886454,
          0.999684985004033,
          -0.0017688799341408351,
          -0.11455477508831792
        ],
        [
          0.0,
          0.0,
          0.0,
          1.0
        ]
      ]
    },
    {
      "file_path": "./images/24.png",
      "sharpness": 194.69032141951456,
      "transform_matrix": [
        [
          0.8403452605252404,
          0.12357421220490951,
          0.5277776588257898,
          1.9852411542156416
        ],
        [
          0.5401699822324448,
          -0.10985703032745577,
          -0.8343547346198659,
          -3.605265219653076
        ],
        [
          -0.045124642758307895,
          0.9862356954252075,
          -0.15906891478216947,
          -0.7350574819405207
        ],
        [
          0.0,
          0.0,
          0.0,
          1.0
        ]
      ]
    }
  ]
}