{
  "camera_angle_x": 1.0544921535219332,
  "camera_angle_y": 0.8195517521818133,
  "fl_x": 549.617,
  "fl_y": 552.531,
  "k1": 0.0922223,
  "k2": -0.178872,
  "k3": 0,
  "k4": 0,
  "p1": -2.6883e-05,
  "p2": 0.00105122,
  "is_fisheye": false,
  "cx": 319.876,
  "cy": 238.279,
  "w": 640.0,
  "h": 480.0,
  "aabb_scale": 32,
  "frames": [
    {
      "file_path": "./images/329.png",
      "sharpness": 490.3611698888035,
      "transform_matrix": [
        [
          0.6531976138984426,
          -0.30429665436503195,
          0.6933516781256982,
          3.2545689229883523
        ],
        [
          0.7570377341213468,
          0.2442399175190047,
          -0.6060039813934535,
          -2.1653556782790324
        ],
        [
          0.015060758177174033,
          0.9207336600675609,
          0.38990096375772065,
          1.8273369918021134
        ],
        [
          0.0,
          0.0,
          0.0,
          1.0
        ]
      ]
    },
    {
      "file_path": "./images/328.png",
      "sharpness": 485.1342806158702,
      "transform_matrix": [
        [
          0.652996812567253,
          -0.30426843153111444,
          0.6935531909266983,
          3.2551990862961753
        ],
        [
          0.7572083538031683,
          0.2439197062107294,
          -0.60591979080848,
          -2.1644540220580155
        ],
        [
          0.015190894688328155,
          0.9208278729434277,
          0.38967336907643185,
          1.8254981506880508
        ],
        [
          0.0,
          0.0,
          0.0,
          1.0
        ]
      ]
    },
    {
      "file_path": "./images/327.png",
      "sharpness": 488.54840567690525,
      "transform_matrix": [
        [
          0.653075528793182,
          -0.3043684952388769,
          0.6934348610519208,
          3.2557792484802004
        ],
        [
          0.7571343934624771,
          0.24370714944934796,
          -0.6060974658638166,
          -2.16715129919532
        ],
        [
          0.015482086283466819,
          0.9208509703342008,
          0.3896070678906888,
          1.827163544919961
        ],
        [
          0.0,
          0.0,
          0.0,
          1.0
        ]
      ]
    },
    {
      "file_path": "./images/326.png",
      "sharpness": 487.1531201438797,
      "transform_matrix": [
        [
          0.6542240697397728,
          -0.3042927933401879,
          0.6923846965675327,
          3.25638318210343
        ],
        [
          0.7561274454946569,
          0.24356828885108103,
          -0.607408948356553,
          -2.1644788964305928
        ],
        [
          0.01618731634359412,
          0.9209127463899366,
          0.38943239613255476,
          1.8269959826026714
        ],
        [
          0.0,
          0.0,
          0.0,
          1.0
        ]
      ]
    },
    {
      "file_path": "./images/325.png",
      "sharpness": 481.39504322941036,
      "transform_matrix": [
        [
          0.656377541710229,
          -0.30405981391466375,
          0.6904460977992892,
          3.2543688324614717
        ],
        [
          0.7542190358623029,
          0.242699700104329,
          -0.6101231433356894,
          -2.159907040809766
        ],
        [
          0.017943053668684532,
          0.9212189293649338,
          0.38863037763673997,
          1.8253350852950376
        ],
        [
          0.0,
          0.0,
          0.0,
          1.0
        ]
      ]
    },
    {
      "file_path": "./images/324.png",
      "sharpness": 476.1187425177257,
      "transform_matrix": [
        [
          0.6573977984722937,
          -0.2846481221828576,
          0.6977127525433668,
          3.2376627392241586
        ],
        [
          0.7535397817923647,
          0.25123677012730783,
          -0.6075010278381885,
          -2.187109076823437
        ],
        [
          -0.002366800724312987,
          0.9251244700204568,
          0.37965626035160305,
          1.7849683508115057
        ],
        [
          0.0,
          0.0,
          0.0,
          1.0
        ]
      ]
    },
    {
      "file_path": "./images/323.png",
      "sharpness": 502.1142378228083,
      "transform_matrix": [
        [
          0.6538280537580049,
          -0.2740508914503131,
          0.7052697475438718,
          3.210994596234423
        ],
        [
          0.7565780990352542,
          0.2490328035699557,
          -0.6046259855769077,
          -2.2134539342287844
        ],
        [
          -0.009937247550708142,
          0.9289127972220098,
          0.3701654658030866,
          1.7369788314936865
        ],
        [
          0.0,
          0.0,
          0.0,
          1.0
        ]
      ]
    },
    {
      "file_path": "./images/322.png",
      "sharpness": 510.3968485086653,
      "transform_matrix": [
        [
          0.6514853462275496,
          -0.26117554843050106,
          0.7122881467868235,
          3.1880193980833376
        ],
        [
          0.7583691482924221,
          0.25024698345964547,
          -0.6018744598353494,
          -2.2402554183451087
        ],
        [
          -0.021053191698248423,
          0.932289596556113,
          0.3610996813787666,
          1.6953175372067883
        ],
        [
          0.0,
          0.0,
          0.0,
          1.0
        ]
      ]
    },
    {
      "file_path": "./images/321.png",
      "sharpness": 508.93580401500054,
      "transform_matrix": [
        [
          0.648433231301304,
          -0.2502534524315628,
          0.718962501795881,
          3.1658824105754344
        ],
        [
          0.7606602421060854,
          0.2508221971958957,
          -0.598735193029222,
          -2.2663918816685764
        ],
        [
          -0.030495947383816426,
          0.9351263029002724,
          0.3529993868196304,
          1.6445376060138144
        ],
        [
          0.0,
          0.0,
          0.0,
          1.0
        ]
      ]
    },
    {
      "file_path": "./images/320.png",
      "sharpness": 527.8673069178158,
      "transform_matrix": [
        [
          0.6425849143795791,
          -0.24408941188367653,
          0.7262950778707188,
          3.143531443195014
        ],
        [
          0.7655164243093707,
          0.24496599111794706,
          -0.594958736828801,
          -2.2945284799906225
        ],
        [
          -0.03269422334864463,
          0.9383026190069108,
          0.3442659870123818,
          1.5927220008395824
        ],
        [
          0.0,
          0.0,
          0.0,
          1.0
        ]
      ]
    },
    {
      "file_path": "./images/32.png",
      "sharpness": 646.6792281568742,
      "transform_matrix": [
        [
          0.7707858949475163,
          0.12033827651649953,
          0.6256263251844358,
          2.207273434857796
        ],
        [
          0.6368285495699398,
          -0.11715014123423707,
          -0.7620536325333551,
          -2.9965806824577026
        ],
        [
          -0.018412007305916245,
          0.9857964012246958,
          -0.16693250345210703,
          -0.6945478120303211
        ],
        [
          0.0,
          0.0,
          0.0,
          1.0
        ]
      ]
    },
    {
      "file_path": "./images/318.png",
      "sharpness": 522.796788894134,
      "transform_matrix": [
        [
          0.6323330047115152,
          -0.22554181923876102,
          0.741138390251662,
          3.1010817458826043
        ],
        [
          0.7733569327829724,
          0.2400182972721897,
          -0.5867797608808019,
          -2.349849791534233
        ],
        [
          -0.0455435371573202,
          0.9442045476243451,
          0.326195769809107,
          1.496455174252438
        ],
        [
          0.0,
          0.0,
          0.0,
          1.0
        ]
      ]
    },
    {
      "file_path": "./images/319.png",
      "sharpness": 520.9317084189414,
      "transform_matrix": [
        [
          0.6378892051815244,
          -0.23345198991693034,
          0.7338919329182617,
          3.122983251164503
        ],
        [
          0.7690105145218047,
          0.24440457862134007,
          -0.590668346076723,
          -2.3159984533980604
        ],
        [
          -0.041473760703866894,
          0.9411516838596038,
          0.33543010873658297,
          1.5450055201147213
        ],
        [
          0.0,
          0.0,
          0.0,
          1.0
        ]
      ]
    },
    {
      "file_path": "./images/315.png",
      "sharpness": 518.2588160086633,
      "transform_matrix": [
        [
          0.6172185669383731,
          -0.19951359794006918,
          0.7610752000039622,
          3.0418571008002595
        ],
        [
          0.784326622783375,
          0.2325346629961807,
          -0.5751167590770181,
          -2.434573701125538
        ],
        [
          -0.06223269515901499,
          0.951904356868923,
          0.30000856101973605,
          1.3461214464523816
        ],
        [
          0.0,
          0.0,
          0.0,
          1.0
        ]
      ]
    },
    {
      "file_path": "./images/316.png",
      "sharpness": 517.3703106073909,
      "transform_matrix": [
        [
          0.6215443352430239,
          -0.2085288379471284,
          0.7551146966943788,
          3.0599716324348347
        ],
        [
          0.7812905945249363,
          0.2353450640900221,
          -0.5780982355924313,
          -2.4045850780916433
        ],
        [
          -0.05716227849511414,
          0.9492778036390566,
          0.30919904494592415,
          1.389750448843959
        ],
        [
          0.0,
          0.0,
          0.0,
          1.0
        ]
      ]
    },
    {
      "file_path": "./images/317.png",
      "sharpness": 510.1046070604853,
      "transform_matrix": [
        [
          0.6271964691419566,
          -0.2173775105255282,
          0.7479116386504041,
          3.081519569555372
        ],
        [
          0.7771344913032856,
          0.23856627303703093,
          -0.582364403533068,
          -2.371968339950782
        ],
        [
          -0.05183368235918247,
          0.9464846823320524,
          0.31855944118303053,
          1.4501242884717214
        ],
        [
          0.0,
          0.0,
          0.0,
          1.0
        ]
      ]
    },
    {
      "file_path": "./images/314.png",
      "sharpness": 511.04982437259895,
      "transform_matrix": [
        [
          0.6153471246932054,
          -0.18544422810817301,
          0.766132263367118,
          3.0166914177219506
        ],
        [
          0.7848384823454109,
          0.23455006474502452,
          -0.5735983687674708,
          -2.4604072382619195
        ],
        [
          -0.07332601999532454,
          0.9542519809612021,
          0.28987340604544604,
          1.2925894243214353
        ],
        [
          0.0,
          0.0,
          0.0,
          1.0
        ]
      ]
    },
    {
      "file_path": "./images/313.png",
      "sharpness": 465.2152699777816,
      "transform_matrix": [
        [
          0.6134843291052368,
          -0.16792026952154201,
          0.7716476460180823,
          3.0050004160328143
        ],
        [
          0.7853160258370342,
          0.23262310884657972,
          -0.5737294992229454,
          -2.4972708784909026
        ],
        [
          -0.0831624350558198,
          0.9579610764978269,
          0.27458102863996015,
          1.2440906872094046
        ],
        [
          0.0,
          0.0,
          0.0,
          1.0
        ]
      ]
    },
    {
      "file_path": "./images/312.png",
      "sharpness": 313.3550571940103,
      "transform_matrix": [
        [
          0.6159873254939595,
          -0.12998473747141218,
          0.776957709858006,
          2.9569632541411286
        ],
        [
          0.7828538140350167,
          0.2108692095246573,
          -0.585383451392742,
          -2.5164812907049274
        ],
        [
          -0.0877453944051898,
          0.9688333320338388,
          0.23165188401891085,
          1.2442846529626954
        ],
        [
          0.0,
          0.0,
          0.0,
          1.0
        ]
      ]
    },
    {
      "file_path": "./images/311.png",
      "sharpness": 456.1991747282981,
      "transform_matrix": [
        [
          0.6375657927857991,
          -0.12201110851362867,
          0.760672544167991,
          2.8550323383051004
        ],
        [
          0.7663542854068612,
          0.20144826087127965,
          -0.6100158031426955,
          -2.518119467706558
        ],
        [
          -0.07880725089774607,
          0.9718702265402533,
          0.22194035688813613,
          1.1233113164213968
        ],
        [
          0.0,
          0.0,
          0.0,
          1.0
        ]
      ]
    },
    {
      "file_path": "./images/310.png",
      "sharpness": 436.3454928079286,
      "transform_matrix": [
        [
          0.6774032936988703,
          -0.1102201580119927,
          0.7273075312276742,
          2.7753225245099142
        ],
        [
          0.7332771666234966,
          0.1798855694674354,
          -0.6557024703852711,
          -2.5579663266064316
        ],
        [
          -0.05856047770811944,
          0.977493061461365,
          0.20267701196061338,
          1.0447734116276495
        ],
        [
          0.0,
          0.0,
          0.0,
          1.0
        ]
      ]
    },
    {
      "file_path": "./images/31.png",
      "sharpness": 637.2125873251915,
      "transform_matrix": [
        [
          0.7475434926433682,
          0.12061796045336187,
          0.6531695121026224,
          2.289968054174507
        ],
        [
          0.6640500876613824,
          -0.1139284782627273,
          -0.7389574825226799,
          -2.9020716193182525
        ],
        [
          -0.01471693592114301,
          0.9861397518521573,
          -0.16526284289746587,
          -0.6976063505548797
        ],
        [
          0.0,
          0.0,
          0.0,
          1.0
        ]
      ]
    },
    {
      "file_path": "./images/309.png",
      "sharpness": 510.0737011349888,
      "transform_matrix": [
        [
          0.7110099342880879,
          -0.11170468471760248,
          0.6942527671122978,
          2.7163015112746165
        ],
        [
          0.7019980567543679,
          0.17002488577405248,
          -0.691585305590122,
          -2.6050260121031097
        ],
        [
          -0.040786915394002816,
          0.9790881442009759,
          0.19930585964467942,
          0.9865233045266678
        ],
        [
          0.0,
          0.0,
          0.0,
          1.0
        ]
      ]
    },
    {
      "file_path": "./images/308.png",
      "sharpness": 554.6178445559077,
      "transform_matrix": [
        [
          0.7354460837407413,
          -0.11553274424892628,
          0.6676611845480609,
          2.67175919776977
        ],
        [
          0.6770206738489949,
          0.16544415076399782,
          -0.7171272204167336,
          -2.64755724360669
        ],
        [
          -0.02760904983426795,
          0.9794286414196444,
          0.1998932789024663,
          0.9324660724872633
        ],
        [
          0.0,
          0.0,
          0.0,
          1.0
        ]
      ]
    },
    {
      "file_path": "./images/307.png",
      "sharpness": 547.8004980338944,
      "transform_matrix": [
        [
          0.7533544264638973,
          -0.11753180248341208,
          0.6470265383455978,
          2.62650800224688
        ],
        [
          0.657358448843218,
          0.1620538473248489,
          -0.7359472665215183,
          -2.6880090736263167
        ],
        [
          -0.01835591418416197,
          0.9797575299786766,
          0.19934451192886593,
          0.8822403073070342
        ],
        [
          0.0,
          0.0,
          0.0,
          1.0
        ]
      ]
    },
    {
      "file_path": "./images/305.png",
      "sharpness": 595.1583630201552,
      "transform_matrix": [
        [
          0.7827244586315641,
          -0.10712656390799671,
          0.61307965434411,
          2.5532732395291022
        ],
        [
          0.6221475485959267,
          0.16093544573665458,
          -0.7661804926705034,
          -2.7598004157446905
        ],
        [
          -0.016588093179354238,
          0.9811339056378068,
          0.19261659848447443,
          0.7847349168985088
        ],
        [
          0.0,
          0.0,
          0.0,
          1.0
        ]
      ]
    },
    {
      "file_path": "./images/304.png",
      "sharpness": 642.67057649587,
      "transform_matrix": [
        [
          0.7945279000292413,
          -0.104590460807089,
          0.5981526444455463,
          2.509216044249518
        ],
        [
          0.6071294292385633,
          0.15456860035839498,
          -0.7794246176053908,
          -2.79604001459215
        ],
        [
          -0.010935360225371372,
          0.982430372630499,
          0.18630897626019538,
          0.7273724428231805
        ],
        [
          0.0,
          0.0,
          0.0,
          1.0
        ]
      ]
    },
    {
      "file_path": "./images/306.png",
      "sharpness": 582.4292385247124,
      "transform_matrix": [
        [
          0.7697623759191308,
          -0.1134653268435107,
          0.6281648171178825,
          2.5848575230072974
        ],
        [
          0.6381124521199981,
          0.16248367955151563,
          -0.7526028793933641,
          -2.7230807798007923
        ],
        [
          -0.01667201706934391,
          0.9801655914137269,
          0.19747751802858618,
          0.8345258636586663
        ],
        [
          0.0,
          0.0,
          0.0,
          1.0
        ]
      ]
    },
    {
      "file_path": "./images/303.png",
      "sharpness": 607.2778050398827,
      "transform_matrix": [
        [
          0.8050165071452957,
          -0.09885033590905974,
          0.5849595206891837,
          2.478808359477187
        ],
        [
          0.5931796377521713,
          0.14961266606984475,
          -0.7910465025683944,
          -2.832398003683203
        ],
        [
          -0.009322357110233201,
          0.9837910101158246,
          0.17907661085100446,
          0.6784596354797845
        ],
        [
          0.0,
          0.0,
          0.0,
          1.0
        ]
      ]
    },
    {
      "file_path": "./images/302.png",
      "sharpness": 627.3826231373681,
      "transform_matrix": [
        [
          0.814345690304682,
          -0.09383936669763947,
          0.5727438286967687,
          2.4492869017909635
        ],
        [
          0.5803409891199638,
          0.14314658770558542,
          -0.8016942141115131,
          -2.864753045776312
        ],
        [
          -0.006755924474782869,
          0.9852427408719607,
          0.17102961669057432,
          0.6270846246258113
        ],
        [
          0.0,
          0.0,
          0.0,
          1.0
        ]
      ]
    },
    {
      "file_path": "./images/301.png",
      "sharpness": 645.8911741955122,
      "transform_matrix": [
        [
          0.8228460067736518,
          -0.0872231024357076,
          0.561530430098785,
          2.4187892520285224
        ],
        [
          0.5682307014619127,
          0.13703507819743438,
          -0.8113785195453038,
          -2.8952344279870794
        ],
        [
          -0.0061783628299395404,
          0.9867185505220144,
          0.1623216253059153,
          0.5781075417712026
        ],
        [
          0.0,
          0.0,
          0.0,
          1.0
        ]
      ]
    },
    {
      "file_path": "./images/300.png",
      "sharpness": 641.3484758127425,
      "transform_matrix": [
        [
          0.8323578271337104,
          -0.08004237413037205,
          0.5484282905681767,
          2.381955183705804
        ],
        [
          0.5542167508935144,
          0.12898037506158977,
          -0.8223185391014518,
          -2.928886586128969
        ],
        [
          -0.004916134164789594,
          0.9884114894125965,
          0.15171865541107568,
          0.5280558242629793
        ],
        [
          0.0,
          0.0,
          0.0,
          1.0
        ]
      ]
    },
    {
      "file_path": "./images/3.png",
      "sharpness": 507.9908840899998,
      "transform_matrix": [
        [
          0.12713059042879976,
          0.13956583894417707,
          0.9820179164805384,
          4.053954766238988
        ],
        [
          0.9891641898344851,
          -0.09113367237143515,
          -0.11510368409716032,
          -0.6653910792959419
        ],
        [
          0.07343035669475825,
          0.9860101572926995,
          -0.14963940776982518,
          -0.6954701692337075
        ],
        [
          0.0,
          0.0,
          0.0,
          1.0
        ]
      ]
    },
    {
      "file_path": "./images/30.png",
      "sharpness": 599.4320801582229,
      "transform_matrix": [
        [
          0.7269423402154745,
          0.11368407160048587,
          0.6772232004180765,
          2.362091063544341
        ],
        [
          0.6866984193979202,
          -0.11921986718648189,
          -0.7170999943331352,
          -2.8237387652432857
        ],
        [
          -0.0007843903358409204,
          0.9863379526142081,
          -0.16473261299551145,
          -0.6956970536129299
        ],
        [
          0.0,
          0.0,
          0.0,
          1.0
        ]
      ]
    },
    {
      "file_path": "./images/299.png",
      "sharpness": 636.617326129055,
      "transform_matrix": [
        [
          0.8397533469635258,
          -0.07230964930518152,
          0.5381325852255591,
          2.3491018025623873
        ],
        [
          0.5429477502273409,
          0.12059404942613254,
          -0.8310630957360493,
          -2.964884624806697
        ],
        [
          -0.004802027399702979,
          0.9900648965455928,
          0.1405295396510326,
          0.4764723706083244
        ],
        [
          0.0,
          0.0,
          0.0,
          1.0
        ]
      ]
    },
    {
      "file_path": "./images/298.png",
      "sharpness": 609.2400280791285,
      "transform_matrix": [
        [
          0.8474854352905896,
          -0.06612804252407427,
          0.5266839787870236,
          2.3188498271187794
        ],
        [
          0.53080019754447,
          0.1139458852583241,
          -0.8398023479433445,
          -2.9913930635419588
        ],
        [
          -0.004479132471615216,
          0.9912837457420757,
          0.13166822196113176,
          0.4280063504829631
        ],
        [
          0.0,
          0.0,
          0.0,
          1.0
        ]
      ]
    },
    {
      "file_path": "./images/294.png",
      "sharpness": 664.9860485780398,
      "transform_matrix": [
        [
          0.8749547661009993,
          -0.034173188800840706,
          0.48299818819155205,
          2.1860467288201124
        ],
        [
          0.48416003397093216,
          0.07542517918350791,
          -0.8717230165623931,
          -3.12180369397002
        ],
        [
          -0.006640883678557051,
          0.9965657476453447,
          0.08253887296135864,
          0.2244694762000367
        ],
        [
          0.0,
          0.0,
          0.0,
          1.0
        ]
      ]
    },
    {
      "file_path": "./images/295.png",
      "sharpness": 648.7743954755041,
      "transform_matrix": [
        [
          0.8689749605730647,
          -0.03978944425563984,
          0.49325346761543054,
          2.2217272637648486
        ],
        [
          0.49477380079905864,
          0.08799631205251214,
          -0.8645549115345502,
          -3.08619258866331
        ],
        [
          -0.009004242445080565,
          0.9953257890827566,
          0.09615338425044757,
          0.2805942730042168
        ],
        [
          0.0,
          0.0,
          0.0,
          1.0
        ]
      ]
    },
    {
      "file_path": "./images/297.png",
      "sharpness": 663.834362899738,
      "transform_matrix": [
        [
          0.8553440090428972,
          -0.057438262085555795,
          0.5148665813813721,
          2.289879567064796
        ],
        [
          0.5180337423640764,
          0.10494112052047887,
          -0.8488984207137616,
          -3.027715035302183
        ],
        [
          -0.00527146079658683,
          0.9928183206809328,
          0.11951570874406339,
          0.3721814135275253
        ],
        [
          0.0,
          0.0,
          0.0,
          1.0
        ]
      ]
    },
    {
      "file_path": "./images/296.png",
      "sharpness": 647.3117826578775,
      "transform_matrix": [
        [
          0.8622233612842807,
          -0.050669525615935865,
          0.5039882185515854,
          2.259080421463258
        ],
        [
          0.5065091448198218,
          0.09503013328486978,
          -0.8569821571912484,
          -3.0617504128374007
        ],
        [
          -0.004471361380344881,
          0.9941840487095579,
          0.10760174281364515,
          0.3236227336285037
        ],
        [
          0.0,
          0.0,
          0.0,
          1.0
        ]
      ]
    },
    {
      "file_path": "./images/293.png",
      "sharpness": 649.7591470533581,
      "transform_matrix": [
        [
          0.8815964134873412,
          -0.024138761951338607,
          0.4713873407742906,
          2.1541552485887583
        ],
        [
          0.47190174089753534,
          0.06596116991209322,
          -0.8791807718215526,
          -3.156568039862678
        ],
        [
          -0.009871134473613957,
          0.9975301966018111,
          0.06954221771313401,
          0.1773328369452912
        ],
        [
          0.0,
          0.0,
          0.0,
          1.0
        ]
      ]
    },
    {
      "file_path": "./images/292.png",
      "sharpness": 641.5581622703446,
      "transform_matrix": [
        [
          0.8881426087412357,
          -0.014226280260822968,
          0.45934845493426024,
          2.118153735223087
        ],
        [
          0.45936506016191553,
          0.05723206587675998,
          -0.8864022392899138,
          -3.1864688796538485
        ],
        [
          -0.013679396203649032,
          0.9982595525716218,
          0.05736526812190986,
          0.1258828301111064
        ],
        [
          0.0,
          0.0,
          0.0,
          1.0
        ]
      ]
    },
    {
      "file_path": "./images/291.png",
      "sharpness": 655.3465409286393,
      "transform_matrix": [
        [
          0.8923539769235656,
          -0.007035051057611102,
          0.4512817148783398,
          2.0840970485772177
        ],
        [
          0.45107117956415577,
          0.04818325505894355,
          -0.8911865514915229,
          -3.2179823759297683
        ],
        [
          -0.015474737367141396,
          0.9988137432815964,
          0.04616981887309091,
          0.08067457521418092
        ],
        [
          0.0,
          0.0,
          0.0,
          1.0
        ]
      ]
    },
    {
      "file_path": "./images/290.png",
      "sharpness": 635.9715985916033,
      "transform_matrix": [
        [
          0.8979218435349625,
          -0.0002621512176357102,
          0.44015544344195345,
          2.042303599670986
        ],
        [
          0.43988163121960694,
          0.03580632944491005,
          -0.8973419573701416,
          -3.2496208852400152
        ],
        [
          -0.015525205885073043,
          0.9993587221612065,
          0.03226658896777469,
          0.029850422127296446
        ],
        [
          0.0,
          0.0,
          0.0,
          1.0
        ]
      ]
    },
    {
      "file_path": "./images/29.png",
      "sharpness": 651.3181207974646,
      "transform_matrix": [
        [
          0.70819969779854,
          0.11013913844669529,
          0.6973683228415466,
          2.433881970016003
        ],
        [
          0.7059869562139605,
          -0.11882703547491721,
          -0.6981851995257987,
          -2.751643065945061
        ],
        [
          0.005968693840680377,
          0.9867874674244339,
          -0.16191006453425663,
          -0.700888508043494
        ],
        [
          0.0,
          0.0,
          0.0,
          1.0
        ]
      ]
    },
    {
      "file_path": "./images/289.png",
      "sharpness": 616.8934241800944,
      "transform_matrix": [
        [
          0.9034984024560676,
          0.010740826162759046,
          0.4284573569422676,
          2.011394066749618
        ],
        [
          0.4280754642905243,
          0.026448592150634276,
          -0.9033561390452288,
          -3.2834555798237046
        ],
        [
          -0.02103495729177069,
          0.9995924763639193,
          0.019298367892414542,
          -0.022157871500417665
        ],
        [
          0.0,
          0.0,
          0.0,
          1.0
        ]
      ]
    },
    {
      "file_path": "./images/288.png",
      "sharpness": 629.7974664427016,
      "transform_matrix": [
        [
          0.9085040179091033,
          0.01853342028683605,
          0.4174645386385359,
          1.9759197558038908
        ],
        [
          0.4172230997338773,
          0.01558164902336498,
          -0.908670330433116,
          -3.314791302249194
        ],
        [
          -0.02334550629052974,
          0.9997068155204993,
          0.006423424326185437,
          -0.06864007695135128
        ],
        [
          0.0,
          0.0,
          0.0,
          1.0
        ]
      ]
    },
    {
      "file_path": "./images/287.png",
      "sharpness": 628.0369915421802,
      "transform_matrix": [
        [
          0.9136239124466053,
          0.02602271728502301,
          0.405726861364472,
          1.9345924501455536
        ],
        [
          0.4057588977955538,
          0.004274619586413134,
          -0.9139702229202276,
          -3.349236471584784
        ],
        [
          -0.025518333491693496,
          0.9996522135813547,
          -0.006653555455631344,
          -0.11836119662712313
        ],
        [
          0.0,
          0.0,
          0.0,
          1.0
        ]
      ]
    },
    {
      "file_path": "./images/285.png",
      "sharpness": 598.9866078592511,
      "transform_matrix": [
        [
          0.9230784792825546,
          0.04239580689425501,
          0.38226718589250525,
          1.8645874330519618
        ],
        [
          0.38322432828038466,
          -0.017062359888267438,
          -0.9234974089796759,
          -3.414060480251473
        ],
        [
          -0.0326299802027205,
          0.9989551866919442,
          -0.03199700212814143,
          -0.2167344512897018
        ],
        [
          0.0,
          0.0,
          0.0,
          1.0
        ]
      ]
    },
    {
      "file_path": "./images/284.png",
      "sharpness": 588.7304092457138,
      "transform_matrix": [
        [
          0.9260542984166298,
          0.04881905610503804,
          0.3742198528521137,
          1.828796580112418
        ],
        [
          0.3757824506196276,
          -0.027834335454155264,
          -0.9262900024623284,
          -3.4417479325182536
        ],
        [
          -0.034804478727050885,
          0.9984197279189697,
          -0.04412144847422495,
          -0.2616688362569702
        ],
        [
          0.0,
          0.0,
          0.0,
          1.0
        ]
      ]
    },
    {
      "file_path": "./images/286.png",
      "sharpness": 631.5834394644735,
      "transform_matrix": [
        [
          0.9181139527619817,
          0.033708468276515226,
          0.3948801373593707,
          1.9010289918895042
        ],
        [
          0.3952921743325416,
          -0.006305481050198125,
          -0.9185336944881801,
          -3.381850487732064
        ],
        [
          -0.028472431377244554,
          0.9994118155774218,
          -0.019113843153240426,
          -0.1712762541654116
        ],
        [
          0.0,
          0.0,
          0.0,
          1.0
        ]
      ]
    },
    {
      "file_path": "./images/283.png",
      "sharpness": 573.9220575365596,
      "transform_matrix": [
        [
          0.9303833406491092,
          0.05783539637185457,
          0.3619965732873164,
          1.786320811089585
        ],
        [
          0.36437887235260613,
          -0.03766467793949311,
          -0.9304885894410115,
          -3.47470415930384
        ],
        [
          -0.040180658684921336,
          0.9976153747949339,
          -0.05611658873537832,
          -0.31219940973475
        ],
        [
          0.0,
          0.0,
          0.0,
          1.0
        ]
      ]
    },
    {
      "file_path": "./images/282.png",
      "sharpness": 579.0826001747024,
      "transform_matrix": [
        [
          0.9339299806024718,
          0.06513457780882763,
          0.35147086847826514,
          1.7485184073901054
        ],
        [
          0.35477652643947505,
          -0.04875306733260024,
          -0.9336788739034851,
          -3.5059999009652074
        ],
        [
          -0.04367945904414299,
          0.9966848159432303,
          -0.06864017718300468,
          -0.3598939311051073
        ],
        [
          0.0,
          0.0,
          0.0,
          1.0
        ]
      ]
    },
    {
      "file_path": "./images/281.png",
      "sharpness": 578.9800692950779,
      "transform_matrix": [
        [
          0.9374278195470105,
          0.07483368886559866,
          0.3400437654419862,
          1.7127807685889516
        ],
        [
          0.34453407306299116,
          -0.05839067863612399,
          -0.9369565481933302,
          -3.5377662167810477
        ],
        [
          -0.05026057436972657,
          0.9954850328160973,
          -0.08051979064672338,
          -0.4064370910970696
        ],
        [
          0.0,
          0.0,
          0.0,
          1.0
        ]
      ]
    },
    {
      "file_path": "./images/280.png",
      "sharpness": 604.0589218584593,
      "transform_matrix": [
        [
          0.9402038475286457,
          0.08150781118788271,
          0.33071650808440906,
          1.6802731496244445
        ],
        [
          0.33639328724533113,
          -0.06984867005307978,
          -0.939127749189292,
          -3.56837676472359
        ],
        [
          -0.0534461490061759,
          0.9942221283699824,
          -0.09309066473700439,
          -0.4515343811169344
        ],
        [
          0.0,
          0.0,
          0.0,
          1.0
        ]
      ]
    },
    {
      "file_path": "./images/28.png",
      "sharpness": 650.4970005710919,
      "transform_matrix": [
        [
          0.6850798115449448,
          0.11073646041362042,
          0.7200021284108119,
          2.5117177153780776
        ],
        [
          0.7284027944276084,
          -0.11735576554067878,
          -0.6750236811616794,
          -2.6688835589829814
        ],
        [
          0.00974666815378894,
          0.9868966817780922,
          -0.16105881437148944,
          -0.7036534606504069
        ],
        [
          0.0,
          0.0,
          0.0,
          1.0
        ]
      ]
    },
    {
      "file_path": "./images/279.png",
      "sharpness": 574.4985381232261,
      "transform_matrix": [
        [
          0.943321137338359,
          0.0898964745756842,
          0.3194751339664854,
          1.6388154786429985
        ],
        [
          0.3265577504580972,
          -0.07968086368327543,
          -0.9418128831994871,
          -3.598640404354599
        ],
        [
          -0.05920962156157486,
          0.9927585732214417,
          -0.10452102211028083,
          -0.49723967379617273
        ],
        [
          0.0,
          0.0,
          0.0,
          1.0
        ]
      ]
    },
    {
      "file_path": "./images/278.png",
      "sharpness": 538.80526412451,
      "transform_matrix": [
        [
          0.946425040659947,
          0.09515179483719101,
          0.30858569046774253,
          1.595720315587121
        ],
        [
          0.317024266647012,
          -0.09196958796646632,
          -0.943947325605355,
          -3.6327626979849925
        ],
        [
          -0.06143776725737876,
          0.991205190598157,
          -0.11720776739381575,
          -0.549417083387316
        ],
        [
          0.0,
          0.0,
          0.0,
          1.0
        ]
      ]
    },
    {
      "file_path": "./images/277.png",
      "sharpness": 327.11934381086564,
      "transform_matrix": [
        [
          0.950432228776596,
          0.09507881299780574,
          0.29603775781005237,
          1.5526785987247729
        ],
        [
          0.30507311564459527,
          -0.10120619193190686,
          -0.9469358243468414,
          -3.6449908247070657
        ],
        [
          -0.06007267531960096,
          0.9903117315344949,
          -0.12519562473417017,
          -0.5946747107353977
        ],
        [
          0.0,
          0.0,
          0.0,
          1.0
        ]
      ]
    },
    {
      "file_path": "./images/276.png",
      "sharpness": 285.7618543563843,
      "transform_matrix": [
        [
          0.9623690500746448,
          0.09841594590066619,
          0.253300463633331,
          1.6085060513639569
        ],
        [
          0.2644355123697948,
          -0.12437667647011857,
          -0.9563499965158483,
          -3.5334407808066812
        ],
        [
          -0.06261542237334373,
          0.9873422639721954,
          -0.14572088688260068,
          -0.6091529094616411
        ],
        [
          0.0,
          0.0,
          0.0,
          1.0
        ]
      ]
    },
    {
      "file_path": "./images/273.png",
      "sharpness": 547.168572295761,
      "transform_matrix": [
        [
          0.9524711048673681,
          0.10797117092876832,
          0.28485208015683994,
          1.070795844744896
        ],
        [
          0.29683482056206545,
          -0.11879172498922631,
          -0.9475111088936107,
          -4.200263779023767
        ],
        [
          -0.06846581393573271,
          0.9870312820764213,
          -0.14519530107006143,
          -0.7011653215830309
        ],
        [
          0.0,
          0.0,
          0.0,
          1.0
        ]
      ]
    },
    {
      "file_path": "./images/274.png",
      "sharpness": 539.7899926940494,
      "transform_matrix": [
        [
          0.9524436917831951,
          0.10797858055131189,
          0.2849409668825583,
          1.0704581626577439
        ],
        [
          0.2969134797691535,
          -0.1186353585750822,
          -0.9475060690826176,
          -4.204357044309276
        ],
        [
          -0.0685062866084148,
          0.9870492780802707,
          -0.14505380624083236,
          -0.7007027889020299
        ],
        [
          0.0,
          0.0,
          0.0,
          1.0
        ]
      ]
    },
    {
      "file_path": "./images/275.png",
      "sharpness": 458.4406895629459,
      "transform_matrix": [
        [
          0.9511027887453898,
          0.11441695416769918,
          0.28690189760779433,
          1.0726482925570333
        ],
        [
          0.2996140823269224,
          -0.11600431720298562,
          -0.946981971619019,
          -4.1958755309658615
        ],
        [
          -0.07506893277331568,
