{
  "camera_angle_x": 1.0130591457362441,
  "camera_angle_y": 0.6874531245916773,
  "fl_x": 576.7727176976501,
  "fl_y": 670.5122441084252,
  "k1": 0.15502530647580345,
  "k2": -0.2737108031703125,
  "k3": 0,
  "k4": 0,
  "p1": 0.002035806588004724,
  "p2": 0.00802921741517979,
  "is_fisheye": false,
  "cx": 310.70380806259305,
  "cy": 246.22777816529387,
  "w": 640.0,
  "h": 480.0,
  "aabb_scale": 32,
  "frames": [
    {
      "file_path": "./images/249.png",
      "sharpness": 81.48406224869623,
      "transform_matrix": [
        [
          -0.5041114851675774,
          -0.02598893582818746,
          0.8632474649557084,
          3.484050260008245
        ],
        [
          0.8630124893921797,
          0.022894608361901103,
          0.5046635315346976,
          2.076850751088859
        ],
        [
          -0.03287938076544656,
          0.9994000260847852,
          0.010887341182089588,
          0.2774376695103589
        ],
        [
          0.0,
          0.0,
          0.0,
          1.0
        ]
      ]
    },
    {
      "file_path": "./images/247.png",
      "sharpness": 82.56259738361571,
      "transform_matrix": [
        [
          -0.496983464860189,
          -0.03737076968115074,
          0.866954936109599,
          3.494284557864456
        ],
        [
          0.8670025341950698,
          0.020350828289354996,
          0.49788798889636676,
          2.021598896520576
        ],
        [
          -0.036249708399432604,
          0.9990942244739349,
          0.022286526862359518,
          0.32986518933038245
        ],
        [
          0.0,
          0.0,
          0.0,
          1.0
        ]
      ]
    },
    {
      "file_path": "./images/245.png",
      "sharpness": 81.5302938123915,
      "transform_matrix": [
        [
          -0.4839069245122558,
          -0.04755194351942584,
          0.8738265852515673,
          3.5047995202065434
        ],
        [
          0.874193257958235,
          0.01966169115488142,
          0.485179931202128,
          1.9727913451120875
        ],
        [
          -0.04025215712742343,
          0.9986752377946766,
          0.03205515993002431,
          0.3868308030973956
        ],
        [
          0.0,
          0.0,
          0.0,
          1.0
        ]
      ]
    },
    {
      "file_path": "./images/243.png",
      "sharpness": 83.24939710861838,
      "transform_matrix": [
        [
          -0.4741584073534263,
          -0.05886803834239024,
          0.8784693271899597,
          3.5082665041950176
        ],
        [
          0.8793999962001402,
          0.01680587228215708,
          0.4757869369161304,
          1.9192357829289712
        ],
        [
          -0.04277208696173405,
          0.9981242992405077,
          0.04379990705911495,
          0.4436463207774948
        ],
        [
          0.0,
          0.0,
          0.0,
          1.0
        ]
      ]
    },
    {
      "file_path": "./images/244.png",
      "sharpness": 83.49689661390516,
      "transform_matrix": [
        [
          -0.47826313550188493,
          -0.054942868557904104,
          0.8764962375448819,
          3.5079240661295743
        ],
        [
          0.8771926418234915,
          0.018294681082798844,
          0.4797899267125217,
          1.9429827005117084
        ],
        [
          -0.042396254014929205,
          0.9983218848920956,
          0.03944580848200229,
          0.42172844915257107
        ],
        [
          0.0,
          0.0,
          0.0,
          1.0
        ]
      ]
    },
    {
      "file_path": "./images/242.png",
      "sharpness": 84.05307286474442,
      "transform_matrix": [
        [
          -0.4697759068205558,
          -0.06529572096007075,
          0.8803675744886499,
          3.522379086106765
        ],
        [
          0.8815896024041276,
          0.017195720286715493,
          0.4717033815193166,
          1.886348292502626
        ],
        [
          -0.045938766936008034,
          0.9977177837664944,
          0.04948589358875517,
          0.4699810463667829
        ],
        [
          0.0,
          0.0,
          0.0,
          1.0
        ]
      ]
    },
    {
      "file_path": "./images/24.png",
      "sharpness": 89.07337890417314,
      "transform_matrix": [
        [
          -0.31579859278712025,
          0.12260387092348088,
          0.9408716913820142,
          3.661206314803799
        ],
        [
          0.9487034757555125,
          0.05675255592337657,
          0.3110319316172824,
          1.0530785409333132
        ],
        [
          -0.01526315448479341,
          0.9908316901706826,
          -0.13423709578386134,
          -0.5993833331998567
        ],
        [
          0.0,
          0.0,
          0.0,
          1.0
        ]
      ]
    },
    {
      "file_path": "./images/238.png",
      "sharpness": 83.11821935695012,
      "transform_matrix": [
        [
          -0.4446998721051795,
          -0.08597331181614455,
          0.8915439492368282,
          3.5410959921336964
        ],
        [
          0.8941407904962227,
          0.015711180546276557,
          0.4475102295776449,
          1.784389757877322
        ],
        [
          -0.05248114445979349,
          0.9961735533916802,
          0.06988548500931512,
          0.5755548543472742
        ],
        [
          0.0,
          0.0,
          0.0,
          1.0
        ]
      ]
    },
    {
      "file_path": "./images/240.png",
      "sharpness": 84.1860275064998,
      "transform_matrix": [
        [
          -0.45791510550977393,
          -0.07468492852145855,
          0.8858532144850615,
          3.5278626379090947
        ],
        [
          0.887691726442776,
          0.015542794724625004,
          0.46017585805558753,
          1.8382723012963456
        ],
        [
          -0.04813683573507288,
          0.9970860459357024,
          0.05917991265222538,
          0.524629661183237
        ],
        [
          0.0,
          0.0,
          0.0,
          1.0
        ]
      ]
    },
    {
      "file_path": "./images/241.png",
      "sharpness": 84.76482968087724,
      "transform_matrix": [
        [
          -0.46079519534624386,
          -0.07162486864957095,
          0.8846115905596919,
          3.5266494210255637
        ],
        [
          0.886138459134073,
          0.018190854259564918,
          0.463063412574134,
          1.8646748886702742
        ],
        [
          -0.04925869662223765,
          0.9972657474455032,
          0.055087292498759835,
          0.49405025756848947
        ],
        [
          0.0,
          0.0,
          0.0,
          1.0
        ]
      ]
    },
    {
      "file_path": "./images/234.png",
      "sharpness": 83.81641455585692,
      "transform_matrix": [
        [
          -0.4055535052933623,
          0.00399843427155086,
          0.9140625617994875,
          3.6346051769691927
        ],
        [
          0.9093374832914616,
          -0.09987497640161491,
          0.40389395956108615,
          1.5901529946839277
        ],
        [
          0.09290692023930494,
          0.994991960584506,
          0.036868720613168295,
          0.06707554462452009
        ],
        [
          0.0,
          0.0,
          0.0,
          1.0
        ]
      ]
    },
    {
      "file_path": "./images/23.png",
      "sharpness": 93.90066725920572,
      "transform_matrix": [
        [
          -0.3287898415361128,
          0.1264351568656226,
          0.9359013790067962,
          3.6564777636367936
        ],
        [
          0.9442977820638999,
          0.05881339794888902,
          0.323794198544244,
          1.117169338131244
        ],
        [
          -0.014104569959320658,
          0.9902298396563377,
          -0.13872968599492433,
          -0.5964044860561776
        ],
        [
          0.0,
          0.0,
          0.0,
          1.0
        ]
      ]
    },
    {
      "file_path": "./images/237.png",
      "sharpness": 84.86450705327992,
      "transform_matrix": [
        [
          -0.4412355568125862,
          -0.09239635487746906,
          0.8926220348083745,
          3.5475019788832327
        ],
        [
          0.8957922075037397,
          0.014005687097619766,
          0.4442523626324403,
          1.7545708091604317
        ],
        [
          -0.053549083868907735,
          0.9956238016189056,
          0.07658812755592574,
          0.6081306401379233
        ],
        [
          0.0,
          0.0,
          0.0,
          1.0
        ]
      ]
    },
    {
      "file_path": "./images/239.png",
      "sharpness": 84.63081960549884,
      "transform_matrix": [
        [
          -0.4502995332718501,
          -0.08073429959663087,
          0.8892200533161603,
          3.528516446454192
        ],
        [
          0.8914139116630849,
          0.016350671861771693,
          0.45289501390851156,
          1.8127844953118024
        ],
        [
          -0.05110350704338972,
          0.9966015394399661,
          0.06460497790077512,
          0.5547825434995806
        ],
        [
          0.0,
          0.0,
          0.0,
          1.0
        ]
      ]
    },
    {
      "file_path": "./images/226.png",
      "sharpness": 89.1856830485026,
      "transform_matrix": [
        [
          -0.3573691595818324,
          -0.03493493269368916,
          0.9333096132973568,
          3.6933440377173015
        ],
        [
          0.9303282861400191,
          -0.10139409672147534,
          0.3524322873373199,
          1.3576903756581638
        ],
        [
          0.08231988696454279,
          0.9942327633121748,
          0.06873607919124937,
          0.23817524592874098
        ],
        [
          0.0,
          0.0,
          0.0,
          1.0
        ]
      ]
    },
    {
      "file_path": "./images/231.png",
      "sharpness": 85.90190629814995,
      "transform_matrix": [
        [
          -0.38790279233508534,
          -0.01002450314661886,
          0.9216457741730856,
          3.6566678423477885
        ],
        [
          0.9173784943081137,
          -0.1009192115976218,
          0.3850091049722032,
          1.5050329651047651
        ],
        [
          0.08915223991755686,
          0.9948441194894908,
          0.04834310758180493,
          0.13339914561737976
        ],
        [
          0.0,
          0.0,
          0.0,
          1.0
        ]
      ]
    },
    {
      "file_path": "./images/236.png",
      "sharpness": 86.37104108645121,
      "transform_matrix": [
        [
          -0.41546061688717173,
          0.013531009387407547,
          0.9095105208937873,
          3.6190262431069793
        ],
        [
          0.9045908237525434,
          -0.09876118326738587,
          0.4146826138896172,
          1.6470205533458837
        ],
        [
          0.095435409578942,
          0.9950191658858808,
          0.028791355196816727,
          0.02278180709485215
        ],
        [
          0.0,
          0.0,
          0.0,
          1.0
        ]
      ]
    },
    {
      "file_path": "./images/233.png",
      "sharpness": 84.56667534271877,
      "transform_matrix": [
        [
          -0.3979093476572085,
          -0.0006218154799684517,
          0.9174245279086032,
          3.6430193278002756
        ],
        [
          0.9129287837820308,
          -0.09914825087318432,
          0.3958922329258993,
          1.5580797304688685
        ],
        [
          0.09071486533146225,
          0.995072478621505,
          0.0400196890761664,
          0.08799783209672841
        ],
        [
          0.0,
          0.0,
          0.0,
          1.0
        ]
      ]
    },
    {
      "file_path": "./images/224.png",
      "sharpness": 92.24800195041232,
      "transform_matrix": [
        [
          -0.3441694712897117,
          -0.04351483564690287,
          0.9378986267857431,
          3.70195796267786
        ],
        [
          0.9353943908393416,
          -0.10222461326842917,
          0.3385076986250411,
          1.3006675095834719
        ],
        [
          0.08114621753728343,
          0.9938091303345826,
          0.0758861242837992,
          0.28166324195815534
        ],
        [
          0.0,
          0.0,
          0.0,
          1.0
        ]
      ]
    },
    {
      "file_path": "./images/232.png",
      "sharpness": 84.97035708227156,
      "transform_matrix": [
        [
          -0.39322227573257884,
          -0.006686373041449589,
          0.9194191287432742,
          3.6516231549473366
        ],
        [
          0.9148997944235454,
          -0.1021355899011861,
          0.39054665206514805,
          1.5321026812749612
        ],
        [
          0.09129407447483211,
          0.9947480151810941,
          0.04627935041529508,
          0.10722992697897085
        ],
        [
          0.0,
          0.0,
          0.0,
          1.0
        ]
      ]
    },
    {
      "file_path": "./images/223.png",
      "sharpness": 88.57584031422931,
      "transform_matrix": [
        [
          -0.33967679411838325,
          -0.04727136469417587,
          0.9393535509238292,
          3.7182276073753173
        ],
        [
          0.937254576438234,
          -0.10044567769255536,
          0.33386303296183384,
          1.2734394945408836
        ],
        [
          0.07857184282640985,
          0.9938189392079803,
          0.07842436867575264,
          0.2973165308320319
        ],
        [
          0.0,
          0.0,
          0.0,
          1.0
        ]
      ]
    },
    {
      "file_path": "./images/22.png",
      "sharpness": 93.37114635208977,
      "transform_matrix": [
        [
          -0.3410867440506732,
          0.1269892775775866,
          0.9314148143706072,
          3.6585438070013576
        ],
        [
          0.9399752070766441,
          0.056949458514951486,
          0.3364570838250828,
          1.1780508360939934
        ],
        [
          -0.010317127320401343,
          0.9902678842469472,
          -0.13879147786781912,
          -0.6012886477090695
        ],
        [
          0.0,
          0.0,
          0.0,
          1.0
        ]
      ]
    },
    {
      "file_path": "./images/235.png",
      "sharpness": 85.11077814075684,
      "transform_matrix": [
        [
          -0.42597586587199476,
          -0.10167883732740933,
          0.8990027673762467,
          3.5557591079729036
        ],
        [
          0.9029057206553973,
          0.01537117944497479,
          0.42956371640332053,
          1.703550917269902
        ],
        [
          -0.057496272100799814,
          0.9946985175911428,
          0.08525865241896045,
          0.6623682348258726
        ],
        [
          0.0,
          0.0,
          0.0,
          1.0
        ]
      ]
    },
    {
      "file_path": "./images/230.png",
      "sharpness": 87.12439103443356,
      "transform_matrix": [
        [
          -0.38226602955414357,
          -0.016278061889192563,
          0.9239089280691262,
          3.663281195175369
        ],
        [
          0.9199292834164203,
          -0.10104976569043003,
          0.3788390929759827,
          1.4746092839464293
        ],
        [
          0.08719401449917297,
          0.9947481940524859,
          0.05360255852699022,
          0.1544099517956176
        ],
        [
          0.0,
          0.0,
          0.0,
          1.0
        ]
      ]
    },
    {
      "file_path": "./images/228.png",
      "sharpness": 91.84210407332316,
      "transform_matrix": [
        [
          -0.3698402849711522,
          -0.02648762869895984,
          0.9287177015402273,
          3.6786327016000864
        ],
        [
          0.9251100351453292,
          -0.102983978250102,
          0.3654664459251969,
          1.4201144838269455
        ],
        [
          0.08596270405430836,
          0.994330280020338,
          0.06259159498009177,
          0.19500115598940235
        ],
        [
          0.0,
          0.0,
          0.0,
          1.0
        ]
      ]
    },
    {
      "file_path": "./images/222.png",
      "sharpness": 91.64647158430947,
      "transform_matrix": [
        [
          -0.33284758673006876,
          -0.052589208036798854,
          0.9415130690658686,
          3.7247394059099594
        ],
        [
          0.9396845181063748,
          -0.10190595617396388,
          0.326509084908008,
          1.240652712502196
        ],
        [
          0.07877493536130857,
          0.9934030155530881,
          0.0833364161975792,
          0.3203400906375982
        ],
        [
          0.0,
          0.0,
          0.0,
          1.0
        ]
      ]
    },
    {
      "file_path": "./images/225.png",
      "sharpness": 91.2165148381551,
      "transform_matrix": [
        [
          -0.3526448265831239,
          -0.03931710500770851,
          0.9349309020209838,
          3.7066399986536673
        ],
        [
          0.932169989861838,
          -0.10216064084928003,
          0.34730723209033504,
          1.3275281961996703
        ],
        [
          0.08185802518622692,
          0.9939906280899808,
          0.07267664685234755,
          0.2581982894210875
        ],
        [
          0.0,
          0.0,
          0.0,
          1.0
        ]
      ]
    },
    {
      "file_path": "./images/229.png",
      "sharpness": 89.78426021905474,
      "transform_matrix": [
        [
          -0.3764861801134791,
          -0.02072974588444873,
          0.9261902794971052,
          3.6739196019254905
        ],
        [
          0.9223692143095326,
          -0.1018022326274238,
          0.37265444841849416,
          1.4442347027416833
        ],
        [
          0.08656320627219821,
          0.9945886501882459,
          0.057447613113197724,
          0.17353616984811251
        ],
        [
          0.0,
          0.0,
          0.0,
          1.0
        ]
      ]
    },
    {
      "file_path": "./images/227.png",
      "sharpness": 91.39853957874509,
      "transform_matrix": [
        [
          -0.36333221691674966,
          -0.03078991586239828,
          0.9311507296068376,
          3.686462596216874
        ],
        [
          0.9281503716937659,
          -0.09862829160961825,
          0.3589001917231263,
          1.3846762121739156
        ],
        [
          0.08078729898601833,
          0.9946478980981175,
          0.06441250769333894,
          0.2207025055822011
        ],
        [
          0.0,
          0.0,
          0.0,
          1.0
        ]
      ]
    },
    {
      "file_path": "./images/221.png",
      "sharpness": 92.96703887938394,
      "transform_matrix": [
        [
          -0.3245730688026031,
          -0.05616265445618115,
          0.9441917597968622,
          3.7272048102269606
        ],
        [
          0.9427071741395484,
          -0.10065318022078701,
          0.31807565316646547,
          1.215775502867932
        ],
        [
          0.0771719303621033,
          0.9933351365835792,
          0.08561424886356468,
          0.3448185869829837
        ],
        [
          0.0,
          0.0,
          0.0,
          1.0
        ]
      ]
    },
    {
      "file_path": "./images/219.png",
      "sharpness": 90.05579336462023,
      "transform_matrix": [
        [
          -0.31186444639790745,
          -0.06429460947506736,
          0.947948717115633,
          3.7427022094888183
        ],
        [
          0.9469376328139536,
          -0.10270773087880097,
          0.30456566053716366,
          1.1565778467012953
        ],
        [
          0.07777973152066425,
          0.9926315153297371,
          0.0929138749303203,
          0.38221496266813787
        ],
        [
          0.0,
          0.0,
          0.0,
          1.0
        ]
      ]
    },
    {
      "file_path": "./images/220.png",
      "sharpness": 92.29950960790849,
      "transform_matrix": [
        [
          -0.3194306123471911,
          -0.059812237270440896,
          0.9457201384045929,
          3.737697672348122
        ],
        [
          0.9444039393586334,
          -0.10211573847768746,
          0.31252771921712164,
          1.1837930682890787
        ],
        [
          0.0778799282310016,
          0.9929727449650857,
          0.08910580537227088,
          0.36501405213026333
        ],
        [
          0.0,
          0.0,
          0.0,
          1.0
        ]
      ]
    },
    {
      "file_path": "./images/216.png",
      "sharpness": 85.55327308390935,
      "transform_matrix": [
        [
          -0.2880085152610869,
          -0.07004221520871572,
          0.955062921090312,
          3.76094619965478
        ],
        [
          0.9541217246244569,
          -0.10625257404570827,
          0.27993235809444705,
          1.068196149801384
        ],
        [
          0.08187081127192429,
          0.9918691842238767,
          0.09743044526503028,
          0.44305800273409607
        ],
        [
          0.0,
          0.0,
          0.0,
          1.0
        ]
      ]
    },
    {
      "file_path": "./images/218.png",
      "sharpness": 90.60636220143637,
      "transform_matrix": [
        [
          -0.30505345403679957,
          -0.06632780155264778,
          0.9500226381182768,
          3.749820762816014
        ],
        [
          0.9491756715057731,
          -0.10236840932548097,
          0.29763442911353527,
          1.1245580287060604
        ],
        [
          0.07751086893788689,
          0.9925327861229563,
          0.09418457242722691,
          0.4035243674906763
        ],
        [
          0.0,
          0.0,
          0.0,
          1.0
        ]
      ]
    },
    {
      "file_path": "./images/217.png",
      "sharpness": 89.70286492089164,
      "transform_matrix": [
        [
          -0.2974970038148754,
          -0.06829761341760733,
          0.9522767290753408,
          3.754966630988196
        ],
        [
          0.9512936298977899,
          -0.10566787969165502,
          0.2896113411407798,
          1.0977349571492074
        ],
        [
          0.08084529942250808,
          0.9920532925294653,
          0.09640696218912967,
          0.4217074881778012
        ],
        [
          0.0,
          0.0,
          0.0,
          1.0
        ]
      ]
    },
    {
      "file_path": "./images/215.png",
      "sharpness": 84.88429026947023,
      "transform_matrix": [
        [
          -0.2734250244128098,
          -0.06784901248350403,
          0.9594974036159071,
          3.7530020808239613
        ],
        [
          0.9581841566778097,
          -0.10672815166864093,
          0.26550371660870353,
          1.0266952872962156
        ],
        [
          0.0843912194361851,
          0.9919705707136824,
          0.09419399628346063,
          0.4577702166687811
        ],
        [
          0.0,
          0.0,
          0.0,
          1.0
        ]
      ]
    },
    {
      "file_path": "./images/21.png",
      "sharpness": 95.69062701516681,
      "transform_matrix": [
        [
          -0.35589085657415787,
          0.12702044324648928,
          0.9258550130663962,
          3.658906262992017
        ],
        [
          0.9344833322140342,
          0.05800512951319069,
          0.3512496359632529,
          1.2347384836624686
        ],
        [
          -0.009088455493132756,
          0.9902026115716771,
          -0.1393419822924274,
          -0.5978443943231209
        ],
        [
          0.0,
          0.0,
          0.0,
          1.0
        ]
      ]
    },
    {
      "file_path": "./images/20.png",
      "sharpness": 96.43842231740956,
      "transform_matrix": [
        [
          -0.3682328179782989,
          0.1278688357428664,
          0.9208985571849507,
          3.6529459283742507
        ],
        [
          0.9297160959768787,
          0.05672337138908027,
          0.3638824535750144,
          1.2988511403318028
        ],
        [
          -0.005707245184975347,
          0.9901676726695178,
          -0.13976912165579713,
          -0.6058948460893694
        ],
        [
          0.0,
          0.0,
          0.0,
          1.0
        ]
      ]
    },
    {
      "file_path": "./images/214.png",
      "sharpness": 55.85520754937067,
      "transform_matrix": [
        [
          -0.2156723907122982,
          -0.06498671049081303,
          0.9743008505383869,
          3.771011252605449
        ],
        [
          0.9717568253037805,
          -0.11215689816225387,
          0.2076282800346434,
          0.9755569993022511
        ],
        [
          0.09578148234891437,
          0.99156318894451,
          0.08734042583501733,
          0.4235366806870869
        ],
        [
          0.0,
          0.0,
          0.0,
          1.0
        ]
      ]
    },
    {
      "file_path": "./images/211.png",
      "sharpness": 79.56647705500922,
      "transform_matrix": [
        [
          -0.015812398736874865,
          -0.1318920435543328,
          0.9911379605832115,
          3.6424413605725707
        ],
        [
          0.9867806003287012,
          -0.16195771609156653,
          -0.005809045819793964,
          0.7765446352895984
        ],
        [
          0.1612886073519834,
          0.9779438568040825,
          0.13270944990247702,
          0.5365845483769515
        ],
        [
          0.0,
          0.0,
          0.0,
          1.0
        ]
      ]
    },
    {
      "file_path": "./images/212.png",
      "sharpness": 68.79354995802771,
      "transform_matrix": [
        [
          -0.031437164709940776,
          -0.10708809883370213,
          0.993752405672048,
          3.6441439518614747
        ],
        [
          0.9867739780916042,
          -0.16151271323036626,
          0.013811575805834978,
          0.802662431054437
        ],
        [
          0.15902459192435167,
          0.9810432113666202,
          0.11074925106097151,
          0.5121799166963622
        ],
        [
          0.0,
          0.0,
          0.0,
          1.0
        ]
      ]
    },
    {
      "file_path": "./images/208.png",
      "sharpness": 77.91049527787101,
      "transform_matrix": [
        [
          -0.011295323597898192,
          -0.16047509811362703,
          0.9869752573221071,
          3.6666687831808806
        ],
        [
          0.9885245963446362,
          -0.15048611501671547,
          -0.013154908165930209,
          0.6974160734250932
        ],
        [
          0.15063710727063037,
          0.9755007289018448,
          0.16033337095224334,
          0.610418276207479
        ],
        [
          0.0,
          0.0,
          0.0,
          1.0
        ]
      ]
    },
    {
      "file_path": "./images/210.png",
      "sharpness": 78.95149745479159,
      "transform_matrix": [
        [
          -0.011628051643424077,
          -0.14522496982802718,
          0.9893303273271398,
          3.645396010868369
        ],
        [
          0.9868039217925827,
          -0.16146678967668993,
          -0.012103543542534727,
          0.7436063046822335
        ],
        [
          0.1615017286290789,
          0.9761343063253803,
          0.1451861139375651,
          0.5629644671918349
        ],
        [
          0.0,
          0.0,
          0.0,
          1.0
        ]
      ]
    },
    {
      "file_path": "./images/213.png",
      "sharpness": 46.86717199934852,
      "transform_matrix": [
        [
          -0.08947166210827832,
          -0.06805135022373389,
          0.9936618315242405,
          3.6878204171703026
        ],
        [
          0.9861892757677413,
          -0.14566276390684604,
          0.07882303959960496,
          0.8493196972478853
        ],
        [
          0.13937551449506771,
          0.9869910703543413,
          0.08014420138619223,
          0.4764760849267566
        ],
        [
          0.0,
          0.0,
          0.0,
          1.0
        ]
      ]
    },
    {
      "file_path": "./images/201.png",
      "sharpness": 79.39716429391436,
      "transform_matrix": [
        [
          -0.02822498389266002,
          -0.18911239030206028,
          0.9815497206633497,
          3.7587355547345718
        ],
        [
          0.9926105875714561,
          -0.12123255290500233,
          0.005185514168244414,
          0.5338761793613317
        ],
        [
          0.11801513345990788,
          0.9744430060121199,
          0.1911367477077802,
          0.7597059713126837
        ],
        [
          0.0,
          0.0,
          0.0,
          1.0
        ]
      ]
    },
    {
      "file_path": "./images/209.png",
      "sharpness": 80.3393256258541,
      "transform_matrix": [
        [
          -0.011363695117564394,
          -0.15605260791807365,
          0.9876833753845623,
          3.6568165183914028
        ],
        [
          0.9873308237172329,
          -0.15808980229338554,
          -0.013618331347602236,
          0.72054032619295
        ],
        [
          0.15826784566529498,
          0.9750154860248128,
          0.15587203423343207,
          0.5839236358972781
        ],
        [
          0.0,
          0.0,
          0.0,
          1.0
        ]
      ]
    },
    {
      "file_path": "./images/206.png",
      "sharpness": 77.89462219618692,
      "transform_matrix": [
        [
          -0.016477719947615176,
          -0.16948987718425593,
          0.9853941679821296,
          3.695248070990211
        ],
        [
          0.9897807389116681,
          -0.14237653303284312,
          -0.007937992254013983,
          0.6540509826188572
        ],
        [
          0.14164241464030097,
          0.9751933676912924,
          0.1701038565159082,
          0.6491055124210566
        ],
        [
          0.0,
          0.0,
          0.0,
          1.0
        ]
      ]
    },
    {
      "file_path": "./images/207.png",
      "sharpness": 78.83475458779864,
      "transform_matrix": [
        [
          -0.012229095203533297,
          -0.16543684652885784,
          0.9861445629606691,
          3.6814927354376406
        ],
        [
          0.9893928772716755,
          -0.1447664680827158,
          -0.012016826658314873,
          0.6771187352433741
        ],
        [
          0.14474869130642498,
          0.9755374516362265,
          0.16545240051440196,
          0.6313681965279518
        ],
        [
          0.0,
          0.0,
          0.0,
          1.0
        ]
      ]
    },
    {
      "file_path": "./images/203.png",
      "sharpness": 78.22690202533931,
      "transform_matrix": [
        [
          -0.02423581926656215,
          -0.18123763573121665,
          0.9831406534544469,
          3.7358270650811933
        ],
        [
          0.9914610472649616,
          -0.13040257022055876,
          0.0004017911675689538,
          0.5846294492997931
        ],
        [
          0.12813124841751164,
          0.9747553996208246,
          0.18285046924965828,
          0.7147536517324956
        ],
        [
          0.0,
          0.0,
          0.0,
          1.0
        ]
      ]
    },
    {
      "file_path": "./images/204.png",
      "sharpness": 78.06517847102481,
      "transform_matrix": [
        [
          -0.02171166553891425,
          -0.1765945471618411,
          0.9840441908308944,
          3.720713236059295
        ],
        [
          0.9908100512438777,
          -0.13523919559379866,
          -0.0024088024517288607,
          0.6075294687295429
        ],
        [
          0.13350672617488607,
          0.9749485760302175,
          0.17790792050529736,
          0.6971530836747527
        ],
        [
          0.0,
          0.0,
          0.0,
          1.0
        ]
      ]
    },
    {
      "file_path": "./images/205.png",
      "sharpness": 78.73820380476846,
      "transform_matrix": [
        [
          -0.018331114404814053,
          -0.17295620268553974,
          0.984758915782475,
          3.707988567429981
        ],
        [
          0.9905227936016252,
          -0.13723160895423267,
          -0.005663996775188052,
          0.6325294655509047
        ],
        [
          0.13611967381911438,
          0.97532232491209,
          0.1738326693785064,
          0.675513272642057
        ],
        [
          0.0,
          0.0,
          0.0,
          1.0
        ]
      ]
    },
    {
      "file_path": "./images/199.png",
      "sharpness": 80.26092725079855,
      "transform_matrix": [
        [
          -0.033822340075065446,
          -0.19684442143588549,
          0.9798511739428684,
          3.778949246390577
        ],
        [
          0.9931016600438485,
          -0.11675583709594121,
          0.010824385533730468,
          0.4920586616799629
        ],
        [
          0.11227262413535415,
          0.9734579334872019,
          0.19943547732635658,
          0.8060256184820578
        ],
        [
          0.0,
          0.0,
          0.0,
          1.0
        ]
      ]
    },
    {
      "file_path": "./images/19.png",
      "sharpness": 96.66355236608716,
      "transform_matrix": [
        [
          -0.38071428865216894,
          0.12605241905456332,
          0.9160608157116892,
          3.651034552645032
        ],
        [
          0.9246833381040704,
          0.05636085594165439,
          0.376542398874605,
          1.3613827131327272
        ],
        [
          -0.004165891413368636,
          0.9904212445135487,
          -0.13801595480512113,
          -0.6077846371312713
        ],
        [
          0.0,
          0.0,
          0.0,
          1.0
        ]
      ]
    },
    {
      "file_path": "./images/202.png",
      "sharpness": 78.2065863382975,
      "transform_matrix": [
        [
          -0.027595827511798558,
          -0.18411727644788797,
          0.982516818600654,
          3.7443934026225834
        ],
        [
          0.9916193047673466,
          -0.1291426523812769,
          0.0036509928317310716,
          0.5605464819373298
        ],
        [
          0.1262126171067933,
          0.9743833967514369,
          0.18613804402644185,
          0.7398074063296626
        ],
        [
          0.0,
          0.0,
          0.0,
          1.0
        ]
      ]
    },
    {
      "file_path": "./images/200.png",
      "sharpness": 79.41034394259982,
      "transform_matrix": [
        [
          -0.0325836157788169,
          -0.19280555947934114,
          0.980695836756961,
          3.7709041925041427
        ],
        [
          0.9924457073844983,
          -0.12236007767487618,
          0.008917919347315301,
          0.5126948275908096
        ],
        [
          0.1182785943318587,
          0.9735779514968541,
          0.19533598362276297,
          0.778452474515027
        ],
        [
          0.0,
          0.0,
          0.0,
          1.0
        ]
      ]
    },
    {
      "file_path": "./images/2.png",
      "sharpness": 44.10417297786078,
      "transform_matrix": [
        [
          -0.4977956995190818,
          0.13815494347874444,
          0.8562199794144566,
          3.26831495038475
        ],
        [
          0.8671725453973115,
          0.06274168990233775,
          0.4940397320634758,
          2.2102440192260615
        ],
        [
          0.01453334282287571,
          0.9884213129816256,
          -0.15103671740962804,
          -0.24958494581871754
        ],
        [
          0.0,
          0.0,
          0.0,
          1.0
        ]
      ]
    },
    {
      "file_path": "./images/197.png",
      "sharpness": 78.25512104024888,
      "transform_matrix": [
        [
          -0.038443867822624475,
          -0.20621383457019274,
          0.9777514630387895,
          3.8112968498222584
        ],
        [
          0.9937921725933403,
          -0.11011763144019684,
          0.01585007691508423,
          0.44498967816392887
        ],
        [
          0.10439917010812667,
          0.9722910889715376,
          0.20916704234434286,
          0.8434338302820926
        ],
        [
          0.0,
          0.0,
          0.0,
          1.0
        ]
      ]
    },
    {
      "file_path": "./images/195.png",
      "sharpness": 79.95123396199543,
      "transform_matrix": [
        [
          -0.04399582828828033,
          -0.21372800933642178,
          0.9759019956604855,
          3.842371738668784
        ],
        [
          0.9942964612236512,
          -0.10436437643197959,
          0.021968707975046735,
          0.40185834591160613
        ],
        [
          0.09715407501263108,
          0.971302432290105,
          0.2171006005324944,
          0.892211484243114
        ],
        [
          0.0,
          0.0,
          0.0,
          1.0
        ]
      ]
    },
    {
      "file_path": "./images/196.png",
      "sharpness": 80.0983337342898,
      "transform_matrix": [
        [
          -0.04191725092225106,
          -0.20881705498989822,
          0.9770559767159025,
          3.8269795130198188
        ],
        [
          0.9939495463199839,
          -0.10808520138485515,
          0.01954197052239377,
          0.42347102905051975
        ],
        [
          0.10152459527442897,
          0.9719634904679024,
          0.2120842515785154,
          0.8696190662793436
        ],
        [
          0.0,
          0.0,
          0.0,
          1.0
        ]
      ]
    },
    {
      "file_path": "./images/193.png",
      "sharpness": 82.95100170973669,
      "transform_matrix": [
        [
          -0.04798985597311356,
          -0.22308333879309544,
          0.9736173774601622,
          3.8665625203720064
        ],
        [
          0.99470484215876,
          -0.09936063490568121,
          0.026262924762121578,
          0.3572999746014066
        ],
        [
          0.09088041983724005,
          0.9697222737463035,
          0.22667037986095584,
          0.9352312304166633
        ],
        [
          0.0,
          0.0,
          0.0,
          1.0
        ]
      ]
    },
    {
      "file_path": "./images/198.png",
      "sharpness": 80.33412645313473,
      "transform_matrix": [
        [
          -0.03674579570401938,
          -0.20062114344780801,
          0.9789795213974457,
          3.7988027434623137
        ],
        [
          0.9934057536631629,
          -0.11379778637117081,
          0.013966832352025515,
          0.46683237760816904
        ],
        [
          0.10860366056093038,
          0.9730371116428718,
          0.2034797884170998,
          0.8283724442195494
        ],
        [
          0.0,
          0.0,
          0.0,
          1.0
        ]
      ]
    },
    {
      "file_path": "./images/190.png",
      "sharpness": 82.76777831775878,
      "transform_matrix": [
        [
          -0.05596097507984278,
          -0.23461427529297257,
          0.9704764351145605,
          3.9017339628443994
        ],
        [
          0.9951806711995114,
          -0.0914972595601614,
          0.03526589235897387,
          0.29261154465333067
        ],
        [
          0.08052205250233643,
          0.9677729038040865,
          0.23860386782116744,
          1.0007913965534736
        ],
        [
          0.0,
          0.0,
          0.0,
          1.0
        ]
      ]
    },
    {
      "file_path": "./images/194.png",
      "sharpness": 79.99737942673367,
      "transform_matrix": [
        [
          -0.04720316722523308,
          -0.2176365540500924,
          0.9748877839838324,
          3.85114465643025
        ],
        [
          0.9942920544999975,
          -0.10372546697384358,
