{
  "camera_angle_x": 1.5710463580475007,
  "camera_angle_y": 1.2867532589149944,
  "fl_x": 319.92,
  "fl_y": 320.083,
  "k1": 0.00108025,
  "k2": -0.00115193,
  "k3": 0,
  "k4": 0,
  "p1": 5.2372e-05,
  "p2": 0.000323359,
  "is_fisheye": false,
  "cx": 320.511,
  "cy": 239.924,
  "w": 640.0,
  "h": 480.0,
  "aabb_scale": 32,
  "frames": [
    {
      "file_path": "./images/58.png",
      "sharpness": 1335.050196013122,
      "transform_matrix": [
        [
          0.03047879793549941,
          -0.09906864201228759,
          0.9946137275865718,
          7.363870584910703
        ],
        [
          0.9937556673562765,
          0.10985922892275728,
          -0.01950995914972136,
          -0.8298740433035425
        ],
        [
          -0.10733466183755301,
          0.9889976548391771,
          0.10179839936661532,
          0.8390774196533727
        ],
        [
          0.0,
          0.0,
          0.0,
          1.0
        ]
      ]
    },
    {
      "file_path": "./images/585.png",
      "sharpness": 539.8043355865059,
      "transform_matrix": [
        [
          -0.9302281757840215,
          -0.09456502397299535,
          0.3545888409768749,
          -3.515761011274413
        ],
        [
          0.3660937110939879,
          -0.17193638133429126,
          0.9145564637754101,
          1.2595797106970896
        ],
        [
          -0.02551831148161884,
          0.9805586947347036,
          0.19455966559400018,
          -1.598606540038487
        ],
        [
          0.0,
          0.0,
          0.0,
          1.0
        ]
      ]
    },
    {
      "file_path": "./images/583.png",
      "sharpness": 521.8399660481772,
      "transform_matrix": [
        [
          -0.9324050826881337,
          -0.09554445599304827,
          0.3485577388647067,
          -3.6076014828860457
        ],
        [
          0.36060106825180416,
          -0.1812238265248645,
          0.9149455040938792,
          1.189667674741315
        ],
        [
          -0.02425096118302352,
          0.9787896687304182,
          0.20342732955050893,
          -1.5417635068896904
        ],
        [
          0.0,
          0.0,
          0.0,
          1.0
        ]
      ]
    },
    {
      "file_path": "./images/584.png",
      "sharpness": 536.5146234379979,
      "transform_matrix": [
        [
          -0.9312937191542318,
          -0.09466408153126273,
          0.35175406739350545,
          -3.5611357801581422
        ],
        [
          0.36343937474993177,
          -0.17631588714017746,
          0.9147812489193379,
          1.2230608268522447
        ],
        [
          -0.02457707914468622,
          0.9797711129177397,
          0.1986064822050908,
          -1.5720366901162837
        ],
        [
          0.0,
          0.0,
          0.0,
          1.0
        ]
      ]
    },
    {
      "file_path": "./images/581.png",
      "sharpness": 515.2357483621809,
      "transform_matrix": [
        [
          -0.9341831675207638,
          -0.09851199528074711,
          0.34292440426541637,
          -3.702771948445206
        ],
        [
          0.3559392044892994,
          -0.19083397383820425,
          0.9148167179932664,
          1.1323078958836503
        ],
        [
          -0.024678798147770152,
          0.9766666665597246,
          0.21333817998075683,
          -1.4759149230983797
        ],
        [
          0.0,
          0.0,
          0.0,
          1.0
        ]
      ]
    },
    {
      "file_path": "./images/582.png",
      "sharpness": 519.4294617575645,
      "transform_matrix": [
        [
          -0.9332960761545854,
          -0.09695908004062241,
          0.3457713446210998,
          -3.6549661374365794
        ],
        [
          0.358280701654025,
          -0.18607034747027007,
          0.9148842653718845,
          1.1589726675293395
        ],
        [
          -0.024368500945151705,
          0.9777406586034121,
          0.2083971778861632,
          -1.5097776117666166
        ],
        [
          0.0,
          0.0,
          0.0,
          1.0
        ]
      ]
    },
    {
      "file_path": "./images/580.png",
      "sharpness": 523.0258951478638,
      "transform_matrix": [
        [
          -0.9346093276442077,
          -0.09964372673377941,
          0.3414318636346043,
          -3.745489519156193
        ],
        [
          0.3548479234249273,
          -0.19580494077009483,
          0.9141895622108301,
          1.1081572546176666
        ],
        [
          -0.02423929045640323,
          0.9755672659689388,
          0.21835970402510144,
          -1.4376168119240442
        ],
        [
          0.0,
          0.0,
          0.0,
          1.0
        ]
      ]
    },
    {
      "file_path": "./images/578.png",
      "sharpness": 523.0882649673354,
      "transform_matrix": [
        [
          -0.9348311880589032,
          -0.10293589350845031,
          0.3398443779823539,
          -3.827805422194196
        ],
        [
          0.35426947822160715,
          -0.20528119155891777,
          0.9123333345619877,
          1.0718703911388543
        ],
        [
          -0.024148258301866656,
          0.9732747719029787,
          0.22837047665554672,
          -1.3562503684918301
        ],
        [
          0.0,
          0.0,
          0.0,
          1.0
        ]
      ]
    },
    {
      "file_path": "./images/579.png",
      "sharpness": 528.1470670471083,
      "transform_matrix": [
        [
          -0.934770022372889,
          -0.10073680996540522,
          0.34067109395558215,
          -3.786066693557551
        ],
        [
          0.3544497707697278,
          -0.20001791083095097,
          0.9134319278582559,
          1.0885805504059263
        ],
        [
          -0.023875929622831905,
          0.9745998699138494,
          0.22267696597859327,
          -1.4004244342664496
        ],
        [
          0.0,
          0.0,
          0.0,
          1.0
        ]
      ]
    },
    {
      "file_path": "./images/577.png",
      "sharpness": 518.3160601927015,
      "transform_matrix": [
        [
          -0.9345712267905376,
          -0.10489418450938247,
          0.33996105744199717,
          -3.8650523642289323
        ],
        [
          0.3549527180294653,
          -0.2099500088365692,
          0.9110045265686263,
          1.0600436667545006
        ],
        [
          -0.02418428480630039,
          0.9720690191394619,
          0.23344579599094853,
          -1.3115341628941604
        ],
        [
          0.0,
          0.0,
          0.0,
          1.0
        ]
      ]
    },
    {
      "file_path": "./images/575.png",
      "sharpness": 536.2923141504817,
      "transform_matrix": [
        [
          -0.9335738441015974,
          -0.10899572310674883,
          0.3414073184417502,
          -3.9363967574029477
        ],
        [
          0.35755412415086685,
          -0.21848341603133536,
          0.9079753211921858,
          1.0478822756054513
        ],
        [
          -0.024373691909651368,
          0.9697344248190631,
          0.2429425034248108,
          -1.215075438842864
        ],
        [
          0.0,
          0.0,
          0.0,
          1.0
        ]
      ]
    },
    {
      "file_path": "./images/576.png",
      "sharpness": 529.5776386234603,
      "transform_matrix": [
        [
          -0.9341583246691311,
          -0.10681290733408134,
          0.340498018515378,
          -3.901874338423919
        ],
        [
          0.35603217437152623,
          -0.21407009939489932,
          0.909623413070398,
          1.0520422062419907
        ],
        [
          -0.0242691145247272,
          0.9709608475977277,
          0.2380042845775543,
          -1.2656410608272912
        ],
        [
          0.0,
          0.0,
          0.0,
          1.0
        ]
      ]
    },
    {
      "file_path": "./images/574.png",
      "sharpness": 541.4546862920017,
      "transform_matrix": [
        [
          -0.9329171972222735,
          -0.11175037867833894,
          0.34231274601831735,
          -3.9719590291926576
        ],
        [
          0.3592364052273568,
          -0.22334393529082075,
          0.9061276723856321,
          1.0468106690159529
        ],
        [
          -0.02480655225857756,
          0.968312655540279,
          0.24850602241123554,
          -1.1619845275046752
        ],
        [
          0.0,
          0.0,
          0.0,
          1.0
        ]
      ]
    },
    {
      "file_path": "./images/57.png",
      "sharpness": 1338.8404773963828,
      "transform_matrix": [
        [
          0.038182697598771534,
          -0.10016674565945163,
          0.994237760795964,
          7.366025345655719
        ],
        [
          0.9934399044636372,
          0.11113308379945773,
          -0.02695570096979454,
          -0.8821131980252134
        ],
        [
          -0.10779263354053939,
          0.9887446927677068,
          0.10375300065635823,
          0.8296180446075674
        ],
        [
          0.0,
          0.0,
          0.0,
          1.0
        ]
      ]
    },
    {
      "file_path": "./images/571.png",
      "sharpness": 563.7357744333477,
      "transform_matrix": [
        [
          -0.9290580785797047,
          -0.1205513485306146,
          0.3497397740986299,
          -4.059948094825103
        ],
        [
          0.36901936921575457,
          -0.2355981978168378,
          0.8990648688720095,
          1.073671330778594
        ],
        [
          -0.025985497970511896,
          0.9643447558053557,
          0.2633703452079694,
          -0.9886395318102486
        ],
        [
          0.0,
          0.0,
          0.0,
          1.0
        ]
      ]
    },
    {
      "file_path": "./images/573.png",
      "sharpness": 539.4424639322916,
      "transform_matrix": [
        [
          -0.9318843463216367,
          -0.11483501053117284,
          0.34409948900776766,
          -4.0041270411886165
        ],
        [
          0.3618614633444307,
          -0.22771783920183183,
          0.9039916148010522,
          1.0516886118123132
        ],
        [
          -0.025452298018597018,
          0.9669320056680947,
          0.25376106214396454,
          -1.1063347828063166
        ],
        [
          0.0,
          0.0,
          0.0,
          1.0
        ]
      ]
    },
    {
      "file_path": "./images/572.png",
      "sharpness": 544.712093095896,
      "transform_matrix": [
        [
          -0.9305400479405065,
          -0.11734516991154272,
          0.3468807783112719,
          -4.032065161189693
        ],
        [
          0.36531629559619033,
          -0.23202653456082847,
          0.9015035475546459,
          1.0601718352170246
        ],
        [
          -0.025301415504678584,
          0.9656054516239916,
          0.2587778231877672,
          -1.0476229885147972
        ],
        [
          0.0,
          0.0,
          0.0,
          1.0
        ]
      ]
    },
    {
      "file_path": "./images/570.png",
      "sharpness": 561.3739805928441,
      "transform_matrix": [
        [
          -0.9273226419398802,
          -0.12366276844119004,
          0.35324294523331995,
          -4.08542762113489
        ],
        [
          0.3733545457908552,
          -0.23992387931009856,
          0.8961268104083343,
          1.0894272612525688
        ],
        [
          -0.026066055642935203,
          0.9628832151808694,
          0.2686568061113236,
          -0.9245259562076323
        ],
        [
          0.0,
          0.0,
          0.0,
          1.0
        ]
      ]
    },
    {
      "file_path": "./images/569.png",
      "sharpness": 570.8786534052425,
      "transform_matrix": [
        [
          -0.9254382004406495,
          -0.1267751855362416,
          0.3570614924567753,
          -4.109353237311334
        ],
        [
          0.37796585543596933,
          -0.24276194004042126,
          0.8934255321439291,
          1.110962471856974
        ],
        [
          -0.02658314097755673,
          0.9617664823842227,
          0.2725776598326285,
          -0.8618821521343762
        ],
        [
          0.0,
          0.0,
          0.0,
          1.0
        ]
      ]
    },
    {
      "file_path": "./images/567.png",
      "sharpness": 585.7880637802018,
      "transform_matrix": [
        [
          -0.9207823963698419,
          -0.13430640360917726,
          0.3662264642110778,
          -4.151509980210434
        ],
        [
          0.38908701289760017,
          -0.2493826543615071,
          0.8868031608058039,
          1.1605904737318546
        ],
        [
          -0.027772775582528306,
          0.9590464582857945,
          0.2818839620911284,
          -0.7264521601568367
        ],
        [
          0.0,
          0.0,
          0.0,
          1.0
        ]
      ]
    },
    {
      "file_path": "./images/568.png",
      "sharpness": 579.6797399401239,
      "transform_matrix": [
        [
          -0.923194163579247,
          -0.13064981900062225,
          0.3614468068826935,
          -4.131575341557193
        ],
        [
          0.38337012771242723,
          -0.24645341009070176,
          0.8901060066237563,
          1.1339398330869115
        ],
        [
          -0.02721229411632093,
          0.9603079756920215,
          0.27761140629620573,
          -0.7946180948308799
        ],
        [
          0.0,
          0.0,
          0.0,
          1.0
        ]
      ]
    },
    {
      "file_path": "./images/566.png",
      "sharpness": 597.1819186136457,
      "transform_matrix": [
        [
          -0.918234179376432,
          -0.13868548303532055,
          0.37096041302247595,
          -4.173313696177978
        ],
        [
          0.394968959766855,
          -0.2519387476060888,
          0.8834736433109863,
          1.1911530807725095
        ],
        [
          -0.029065780354849698,
          0.9577542101346894,
          0.286115433041849,
          -0.6579567503301031
        ],
        [
          0.0,
          0.0,
          0.0,
          1.0
        ]
      ]
    },
    {
      "file_path": "./images/565.png",
      "sharpness": 602.2562695107354,
      "transform_matrix": [
        [
          -0.9152426470183812,
          -0.1425420890303233,
          0.3768451303561194,
          -4.189270188575149
        ],
        [
          0.4018121575091523,
          -0.2541578713903397,
          0.8797444876158246,
          1.2235193033324008
        ],
        [
          -0.029622526892200157,
          0.9566010058848817,
          0.28989138317806734,
          -0.5883919128142882
        ],
        [
          0.0,
          0.0,
          0.0,
          1.0
        ]
      ]
    },
    {
      "file_path": "./images/56.png",
      "sharpness": 1354.5446486676426,
      "transform_matrix": [
        [
          0.04679648583759338,
          -0.10368670528145336,
          0.9935085200520866,
          7.361481110236338
        ],
        [
          0.9930761338538179,
          0.11211389197680297,
          -0.03507544438596203,
          -0.9399732852533899
        ],
        [
          -0.10774923873935865,
          0.9882709896960292,
          0.10821532551395197,
          0.836527971843089
        ],
        [
          0.0,
          0.0,
          0.0,
          1.0
        ]
      ]
    },
    {
      "file_path": "./images/564.png",
      "sharpness": 621.2659454240162,
      "transform_matrix": [
        [
          -0.9120755069120045,
          -0.1470872349463005,
          0.3827313791207972,
          -4.206298342659677
        ],
        [
          0.4088734763478017,
          -0.2564579556028906,
          0.8758147559696616,
          1.2573802615039549
        ],
        [
          -0.030666716113743248,
          0.9552981874786939,
          0.2940491786998059,
          -0.5161986336778782
        ],
        [
          0.0,
          0.0,
          0.0,
          1.0
        ]
      ]
    },
    {
      "file_path": "./images/563.png",
      "sharpness": 635.0399798888735,
      "transform_matrix": [
        [
          -0.9084823283576211,
          -0.15149741379208587,
          0.38949713526236396,
          -4.219933524551907
        ],
        [
          0.41672613494823696,
          -0.2579045525723831,
          0.8716789494326309,
          1.2941796015332485
        ],
        [
          -0.03160408770341475,
          0.9542189116495805,
          0.2974347702365538,
          -0.4442537957736144
        ],
        [
          0.0,
          0.0,
          0.0,
          1.0
        ]
      ]
    },
    {
      "file_path": "./images/561.png",
      "sharpness": 662.6827752342119,
      "transform_matrix": [
        [
          -0.9004264455701083,
          -0.16002911399753467,
          0.4045037187165427,
          -4.241555825694368
        ],
        [
          0.43376222416456117,
          -0.259952592235642,
          0.8627139428082192,
          1.3725343237124839
        ],
        [
          -0.03290749164830168,
          0.9522685422330252,
          0.3034826662684867,
          -0.2984785945598992
        ],
        [
          0.0,
          0.0,
          0.0,
          1.0
        ]
      ]
    },
    {
      "file_path": "./images/562.png",
      "sharpness": 641.4702142024993,
      "transform_matrix": [
        [
          -0.9046294363126598,
          -0.15527261613013468,
          0.3969087013112334,
          -4.230327436983226
        ],
        [
          0.42501018219929176,
          -0.2591274263646155,
          0.8673060869477758,
          1.3334031879510393
        ],
        [
          -0.03181886180385387,
          0.9532803648581043,
          0.3004065867866,
          -0.3703698478876388
        ],
        [
          0.0,
          0.0,
          0.0,
          1.0
        ]
      ]
    },
    {
      "file_path": "./images/559.png",
      "sharpness": 692.0624506630792,
      "transform_matrix": [
        [
          -0.8911242450769088,
          -0.1692932379469723,
          0.4209954827753792,
          -4.259272053864376
        ],
        [
          0.45242163708826016,
          -0.2603049337980825,
          0.8529688261754942,
          1.457457639941517
        ],
        [
          -0.034814688256494385,
          0.9505688390943645,
          0.3085560161392454,
          -0.14970578899776052
        ],
        [
          0.0,
          0.0,
          0.0,
          1.0
        ]
      ]
    },
    {
      "file_path": "./images/560.png",
      "sharpness": 678.3456477775469,
      "transform_matrix": [
        [
          -0.8959680230753423,
          -0.16453860002572987,
          0.41251406372906113,
          -4.250882497514309
        ],
        [
          0.44282795602258224,
          -0.2602328088990063,
          0.8580103623981021,
          1.414639240505296
        ],
        [
          -0.03382622371899966,
          0.9514230774280289,
          0.3060227156113696,
          -0.2247097667647126
        ],
        [
          0.0,
          0.0,
          0.0,
          1.0
        ]
      ]
    },
    {
      "file_path": "./images/558.png",
      "sharpness": 701.146957854165,
      "transform_matrix": [
        [
          -0.885979339979853,
          -0.17471829628044583,
          0.42955068754842635,
          -4.268175396356674
        ],
        [
          0.46230010408611094,
          -0.26024323774670904,
          0.8476743088370039,
          1.4997071376876356
        ],
        [
          -0.03631661477817227,
          0.9496035652834021,
          0.31134251822112896,
          -0.07514630672795097
        ],
        [
          0.0,
          0.0,
          0.0,
          1.0
        ]
      ]
    },
    {
      "file_path": "./images/557.png",
      "sharpness": 721.2237327753598,
      "transform_matrix": [
        [
          -0.8809415653195326,
          -0.17946257284901007,
          0.4378762260124633,
          -4.278088129890895
        ],
        [
          0.471706278168201,
          -0.25892430089492174,
          0.8428830551979041,
          1.5451721887735008
        ],
        [
          -0.0378890767639323,
          0.9490792641058211,
          0.3127506678857442,
          -0.004250033639943814
        ],
        [
          0.0,
          0.0,
          0.0,
          1.0
        ]
      ]
    },
    {
      "file_path": "./images/556.png",
      "sharpness": 740.7691436754754,
      "transform_matrix": [
        [
          -0.8746186582055074,
          -0.18394070173307786,
          0.44856265728842937,
          -4.2762254346219155
        ],
        [
          0.48332853963688693,
          -0.25849724525991236,
          0.836404889223753,
          1.5871115469373418
        ],
        [
          -0.03789660187468795,
          0.9483380466143777,
          0.3149901732133841,
          0.07180089542019352
        ],
        [
          0.0,
          0.0,
          0.0,
          1.0
        ]
      ]
    },
    {
      "file_path": "./images/555.png",
      "sharpness": 746.5921206319173,
      "transform_matrix": [
        [
          -0.8683650727002789,
          -0.18865884212696937,
          0.4586392404223637,
          -4.277170272440024
        ],
        [
          0.49438874611820294,
          -0.25656855865901973,
          0.8305133072811685,
          1.632388265281962
        ],
        [
          -0.03901126777294798,
          0.9479348171211702,
          0.31606598017725007,
          0.1445309934970049
        ],
        [
          0.0,
          0.0,
          0.0,
          1.0
        ]
      ]
    },
    {
      "file_path": "./images/554.png",
      "sharpness": 760.813492750793,
      "transform_matrix": [
        [
          -0.8623366202103488,
          -0.19334064619977567,
          0.4679692441246095,
          -4.282474118448509
        ],
        [
          0.5047137785827255,
          -0.2543063625352726,
          0.8249803294749916,
          1.6781205310446161
        ],
        [
          -0.04049461771301578,
          0.9476010261124758,
          0.3168792974635626,
          0.2155506546657945
        ],
        [
          0.0,
          0.0,
          0.0,
          1.0
        ]
      ]
    },
    {
      "file_path": "./images/55.png",
      "sharpness": 1348.463404709498,
      "transform_matrix": [
        [
          0.054957653193086445,
          -0.10647580062638548,
          0.9927953188596952,
          7.352458921057731
        ],
        [
          0.992665736046986,
          0.11305162062967379,
          -0.042825864297224424,
          -0.9942934825148558
        ],
        [
          -0.10767720824851192,
          0.9878675170201633,
          0.11190793282222122,
          0.8347756150560661
        ],
        [
          0.0,
          0.0,
          0.0,
          1.0
        ]
      ]
    },
    {
      "file_path": "./images/553.png",
      "sharpness": 769.493567077467,
      "transform_matrix": [
        [
          -0.8556738937601862,
          -0.1975500476640403,
          0.47832624925661144,
          -4.28135826151565
        ],
        [
          0.515855964442025,
          -0.2516327761539572,
          0.8188854637132627,
          1.7216971116015718
        ],
        [
          -0.04140833579825927,
          0.9474465166413227,
          0.3172230174890711,
          0.2850000299259545
        ],
        [
          0.0,
          0.0,
          0.0,
          1.0
        ]
      ]
    },
    {
      "file_path": "./images/552.png",
      "sharpness": 785.5559014322918,
      "transform_matrix": [
        [
          -0.8490745440829575,
          -0.20198435222028752,
          0.48813380038730464,
          -4.282093441757324
        ],
        [
          0.526526364417994,
          -0.24849334964684278,
          0.8130319233973293,
          1.765207641961893
        ],
        [
          -0.04292175209791556,
          0.9473401491822594,
          0.31733950408742767,
          0.3535376035555578
        ],
        [
          0.0,
          0.0,
          0.0,
          1.0
        ]
      ]
    },
    {
      "file_path": "./images/551.png",
      "sharpness": 795.305112656392,
      "transform_matrix": [
        [
          -0.8422896416034925,
          -0.20612740422674156,
          0.4980562012912673,
          -4.281820448429392
        ],
        [
          0.53721081639779,
          -0.24525817191650012,
          0.8070026626745898,
          1.808047301718026
        ],
        [
          -0.04419293884802913,
          0.9472908570825181,
          0.31731219103288,
          0.422006226188734
        ],
        [
          0.0,
          0.0,
          0.0,
          1.0
        ]
      ]
    },
    {
      "file_path": "./images/550.png",
      "sharpness": 812.7765814707013,
      "transform_matrix": [
        [
          -0.8355731979171496,
          -0.20992182872115228,
          0.5076912753078426,
          -4.280773818803487
        ],
        [
          0.547497949242696,
          -0.2417721459691,
          0.8011194671997489,
          1.8496391982120937
        ],
        [
          -0.04542681576990449,
          0.9473537246984175,
          0.316950043873164,
          0.4870458982227962
        ],
        [
          0.0,
          0.0,
          0.0,
          1.0
        ]
      ]
    },
    {
      "file_path": "./images/548.png",
      "sharpness": 833.312951888773,
      "transform_matrix": [
        [
          -0.8215146696417263,
          -0.21653655231555777,
          0.5274712615575077,
          -4.2742278328483225
        ],
        [
          0.5682252416110491,
          -0.2342222461666961,
          0.7888348239933075,
          1.9257132475828043
        ],
        [
          -0.04726598753998583,
          0.9477615270658255,
          0.31545843805978085,
          0.6149939349445641
        ],
        [
          0.0,
          0.0,
          0.0,
          1.0
        ]
      ]
    },
    {
      "file_path": "./images/549.png",
      "sharpness": 828.2337239562565,
      "transform_matrix": [
        [
          -0.8289037573080112,
          -0.21358884695892696,
          0.5170085621158867,
          -4.281767973786633
        ],
        [
          0.5574214817912603,
          -0.23789684494241137,
          0.7954155307451782,
          1.8906217542826809
        ],
        [
          -0.04689729515943206,
          0.9475150783529326,
          0.3162527525668145,
          0.550463425577219
        ],
        [
          0.0,
          0.0,
          0.0,
          1.0
        ]
      ]
    },
    {
      "file_path": "./images/547.png",
      "sharpness": 849.2720897918274,
      "transform_matrix": [
        [
          -0.8148126442147404,
          -0.2190521247232055,
          0.5367464831556437,
          -4.271970244233103
        ],
        [
          0.5776870453135562,
          -0.22924163322348304,
          0.7834068028493869,
          1.9642851380496156
        ],
        [
          -0.04856222410578504,
          0.9484010109837862,
          0.3133324774310247,
          0.6716244227270675
        ],
        [
          0.0,
          0.0,
          0.0,
          1.0
        ]
      ]
    },
    {
      "file_path": "./images/54.png",
      "sharpness": 1347.4042708282045,
      "transform_matrix": [
        [
          0.06352961154991903,
          -0.10794861578669042,
          0.9921245217640581,
          7.347879740339424
        ],
        [
          0.9921360478187402,
          0.11425848117413104,
          -0.05109839731971737,
          -1.0512266349722466
        ],
        [
          -0.10784264737587318,
          0.9875687782452693,
          0.11435851252495055,
          0.8251623138594923
        ],
        [
          0.0,
          0.0,
          0.0,
          1.0
        ]
      ]
    },
    {
      "file_path": "./images/545.png",
      "sharpness": 867.791147856384,
      "transform_matrix": [
        [
          -0.8008754280612403,
          -0.22459570952693894,
          0.5551178090972435,
          -4.263609598886065
        ],
        [
          0.5966821311802809,
          -0.22082707397724993,
          0.77149614796396,
          2.028193700204642
        ],
        [
          -0.050689576434999974,
          0.9491007513983699,
          0.31086708708441746,
          0.7915158286142613
        ],
        [
          0.0,
          0.0,
          0.0,
          1.0
        ]
      ]
    },
    {
      "file_path": "./images/546.png",
      "sharpness": 859.581005858093,
      "transform_matrix": [
        [
          -0.8076863445860355,
          -0.2226294406729322,
          0.5459655678394106,
          -4.268988060436069
        ],
        [
          0.5874952536484371,
          -0.22548445968160596,
          0.7771779607575112,
          1.996922347479926
        ],
        [
          -0.049916058008234995,
          0.9484686710879819,
          0.3129146060717579,
          0.7359921318147175
        ],
        [
          0.0,
          0.0,
          0.0,
          1.0
        ]
      ]
    },
    {
      "file_path": "./images/544.png",
      "sharpness": 879.253054938253,
      "transform_matrix": [
        [
          -0.7937321352628833,
          -0.2266277741918468,
          0.5644730784595677,
          -4.25372812784072
        ],
        [
          0.6060558978183567,
          -0.2155796623698217,
          0.765651597262987,
          2.0561953277497245
        ],
        [
          -0.051828839442531895,
          0.9498238574161398,
          0.30846139827865465,
          0.8447594351826839
        ],
        [
          0.0,
          0.0,
          0.0,
          1.0
        ]
      ]
    },
    {
      "file_path": "./images/543.png",
      "sharpness": 891.1222459835053,
      "transform_matrix": [
        [
          -0.7872642695523462,
          -0.22753196674149825,
          0.5731006819454866,
          -4.248436874374235
        ],
        [
          0.6143476910795678,
          -0.20978625016593505,
          0.760635827698957,
          2.0847494428282105
        ],
        [
          -0.05284027318339991,
          0.950904287217001,
          0.3049408942285887,
          0.8922781371156697
        ],
        [
          0.0,
          0.0,
          0.0,
          1.0
        ]
      ]
    },
    {
      "file_path": "./images/542.png",
      "sharpness": 899.4528864990233,
      "transform_matrix": [
        [
          -0.7808821493306823,
          -0.22838353155693372,
          0.5814325246954933,
          -4.241126625583247
        ],
        [
          0.6223753316698426,
          -0.20459205866408534,
          0.7555069716951948,
          2.106790606828607
        ],
        [
          -0.0535889300087203,
          0.9518314019784365,
          0.3019026351050943,
          0.9411596310031327
        ],
        [
          0.0,
          0.0,
          0.0,
          1.0
        ]
      ]
    },
    {
      "file_path": "./images/540.png",
      "sharpness": 911.2068162780339,
      "transform_matrix": [
        [
          -0.7684035337768997,
          -0.22890283537828784,
          0.5976284650220967,
          -4.223217075885014
        ],
        [
          0.6375946268472575,
          -0.19350944005228943,
          0.7456724955302689,
          2.1403009690205956
        ],
        [
          -0.05503973614605049,
          0.9540218162864462,
          0.29464047526411435,
          1.0261692296786133
        ],
        [
          0.0,
          0.0,
          0.0,
          1.0
        ]
      ]
    },
    {
      "file_path": "./images/541.png",
      "sharpness": 908.5169302546079,
      "transform_matrix": [
        [
          -0.7745072379917612,
          -0.22864960966807252,
          0.5897943421103886,
          -4.23063633545681
        ],
        [
          0.6302524066749637,
          -0.19928523614015473,
          0.7503777500583566,
          2.1253327669692865
        ],
        [
          -0.05403639395131198,
          0.9528927952585275,
          0.29845497653915104,
          0.9858252117575508
        ],
        [
          0.0,
          0.0,
          0.0,
          1.0
        ]
      ]
    },
    {
      "file_path": "./images/53.png",
      "sharpness": 1351.4491008239747,
      "transform_matrix": [
        [
          0.07142574136449778,
          -0.1106530840147799,
          0.9912891978066865,
          7.334284005200386
        ],
        [
          0.9915769031153007,
          0.11552968035236161,
          -0.0585504210091534,
          -1.1031556182058468
        ],
        [
          -0.10804453347796177,
          0.9871214672050204,
          0.11797283320129037,
          0.8213940278818679
        ],
        [
          0.0,
          0.0,
          0.0,
          1.0
        ]
      ]
    },
    {
      "file_path": "./images/539.png",
      "sharpness": 920.7381181462607,
      "transform_matrix": [
        [
          -0.7626511685965796,
          -0.2288391394459147,
          0.604975919333153,
          -4.214566873502704
        ],
        [
          0.6444267875847982,
          -0.1886111750375757,
          0.7410397828914852,
          2.1507905638711637
        ],
        [
          -0.05547368284911702,
          0.955017526287877,
          0.29131459897604994,
          1.0676346015245333
        ],
        [
          0.0,
          0.0,
          0.0,
          1.0
        ]
      ]
    },
    {
      "file_path": "./images/538.png",
      "sharpness": 927.1341565916272,
      "transform_matrix": [
        [
          -0.757607275670099,
          -0.22830324395817136,
          0.6114810903356369,
          -4.209365581380709
        ],
        [
          0.6502498767140535,
          -0.18271830597566466,
          0.7374207746109573,
          2.162138972281491
        ],
        [
          -0.05662670516094766,
          0.9562905862181286,
          0.2868827956596237,
          1.1023465788458078
        ],
        [
          0.0,
          0.0,
          0.0,
          1.0
        ]
      ]
    },
    {
      "file_path": "./images/537.png",
      "sharpness": 932.558372708119,
      "transform_matrix": [
        [
          -0.752705290055611,
          -0.2261600557882717,
          0.6182929653553223,
          -4.199001868400866
        ],
        [
          0.6558809768860205,
          -0.17621623265365854,
          0.7340080368538889,
          2.162625285588971
        ],
        [
          -0.05705008076744394,
          0.9580184996107499,
          0.28097302033167515,
          1.1269139950695977
        ],
        [
          0.0,
          0.0,
          0.0,
          1.0
        ]
      ]
    },
    {
      "file_path": "./images/536.png",
      "sharpness": 933.6734244683158,
      "transform_matrix": [
        [
          -0.7476497627247406,
          -0.22314007679556494,
          0.6254822881756565,
          -4.180895046619066
        ],
        [
          0.6616361143735006,
          -0.16934280340225039,
          0.7304522025579561,
          2.1649925862086046
        ],
        [
          -0.05707228699299933,
          0.9599643178723518,
          0.2742467081657569,
          1.1501787132181531
        ],
        [
          0.0,
          0.0,
          0.0,
          1.0
        ]
      ]
    },
    {
      "file_path": "./images/534.png",
      "sharpness": 934.8878186392784,
      "transform_matrix": [
        [
          -0.740894628857499,
          -0.21959845072546708,
          0.6347061093361537,
          -4.180222691503413
        ],
        [
          0.6689165378475871,
          -0.15654298372633632,
          0.7266671427120056,
          2.143104234482015
        ],
        [
          -0.06021615628406005,
          0.9629490299389042,
          0.2628748439160514,
          1.1811104467107099
        ],
        [
          0.0,
          0.0,
          0.0,
          1.0
        ]
      ]
    },
    {
      "file_path": "./images/535.png",
      "sharpness": 933.6417731412145,
      "transform_matrix": [
        [
          -0.7448485634223592,
          -0.22277816943766524,
          0.6289441780167744,
          -4.1927223269424685
        ],
        [
          0.6645490731967518,
          -0.16321848372599274,
          0.7292012968445161,
          2.151432657762402
        ],
        [
          -0.05979475951532677,
          0.9611085503544549,
          0.2696200046039819,
          1.1657382430873844
        ],
        [
          0.0,
          0.0,
          0.0,
          1.0
        ]
      ]
    },
    {
      "file_path": "./images/533.png",
      "sharpness": 939.4218075749715,
      "transform_matrix": [
        [
          -0.7369834221368881,
          -0.2157039996051667,
          0.6405681708525522,
          -4.164203083429024
        ],
        [
          0.6732744499621348,
          -0.1506494784968199,
          0.7238830105873115,
          2.1224373968714003
        ],
        [
          -0.05964313199465415,
          0.9647676186351364,
          0.2562540632706437,
          1.1945642638628555
        ],
        [
          0.0,
          0.0,
          0.0,
          1.0
        ]
      ]
    },
    {
      "file_path": "./images/532.png",
      "sharpness": 935.9496880415917,
      "transform_matrix": [
        [
          -0.7347868186817079,
          -0.21081477047275984,
          0.6447060034237219,
          -4.156813697874102
        ],
        [
          0.6756517848844874,
          -0.14359889635307205,
          0.7231005406045152,
          2.1017419537489497
        ],
        [
          -0.059861138741802766,
          0.9669211585410192,
          0.24795185530545127,
          1.196299162841791
        ],
        [
          0.0,
          0.0,
          0.0,
          1.0
        ]
      ]
    },
    {
      "file_path": "./images/531.png",
      "sharpness": 931.1162516394298,
      "transform_matrix": [
        [
          -0.7331571256878544,
          -0.2061524977215357,
          0.6480595864220102,
          -4.151430586240859
        ],
        [
          0.6773339743752341,
          -0.13613640213766104,
          0.7229695808404423,
          2.0772256668829767
        ],
        [
          -0.06081757637533934,
          0.9690035992127048,
          0.23944360620329846,
          1.194111282133827
        ],
        [
          0.0,
          0.0,
          0.0,
          1.0
        ]
      ]
    },
    {
      "file_path": "./images/52.png",
      "sharpness": 1345.5630520873601,
      "transform_matrix": [
        [
          0.08078474118445138,
          -0.11252207046482303,
          0.9903598408972801,
          7.315234770908319
        ],
        [
          0.9909067776488364,
          0.1163285171642283,
          -0.06761241638275649,
          -1.1666385462349051
        ],
        [
          -0.10759920073624867,
          0.9868163257136928,
          0.12089645064077145,
          0.8077402824452724
        ],
        [
          0.0,
          0.0,
          0.0,
          1.0
        ]
      ]
    },
    {
      "file_path": "./images/530.png",
      "sharpness": 929.0478489556207,
      "transform_matrix": [
        [
          -0.7327022348583104,
          -0.20159467604495493,
          0.6500053487735694,
          -4.153087277804584
        ],
        [
          0.6777287210599272,
          -0.12927557367583484,
          0.7238587832605564,
          2.043670068145697
        ],
        [
          -0.06189627331479873,
