{
  "camera_angle_x": 1.570855703557627,
  "camera_angle_y": 1.2867202705944714,
  "fl_x": 319.981,
  "fl_y": 320.094,
  "k1": 0.000854709,
  "k2": -0.0011669,
  "k3": 0,
  "k4": 0,
  "p1": 0.000331999,
  "p2": 0.000327971,
  "is_fisheye": false,
  "cx": 320.41,
  "cy": 240.254,
  "w": 640.0,
  "h": 480.0,
  "aabb_scale": 32,
  "frames": [
    {
      "file_path": "./images/rgb_585.png",
      "sharpness": 539.8043355865059,
      "transform_matrix": [
        [
          -0.9294854114738256,
          -0.09379215871451724,
          0.35673389950866696,
          -3.515519974916067
        ],
        [
          0.36804402911299394,
          -0.17162052557293292,
          0.9138321280985165,
          1.2700751808481225
        ],
        [
          -0.02448749625005574,
          0.9806882110434704,
          0.19403862863400131,
          -1.6004984643359066
        ],
        [
          0.0,
          0.0,
          0.0,
          1.0
        ]
      ]
    },
    {
      "file_path": "./images/rgb_58.png",
      "sharpness": 1335.050196013122,
      "transform_matrix": [
        [
          0.03228441962383314,
          -0.10045013751153427,
          0.9944181554172077,
          7.363825673765357
        ],
        [
          0.9936985285009875,
          0.1100737633473424,
          -0.0211420672625525,
          -0.8469313222837743
        ],
        [
          -0.10733563435231333,
          0.9888344301970196,
          0.10337082287764379,
          0.8457377633810725
        ],
        [
          0.0,
          0.0,
          0.0,
          1.0
        ]
      ]
    },
    {
      "file_path": "./images/rgb_584.png",
      "sharpness": 536.5146234379979,
      "transform_matrix": [
        [
          -0.9305021349564331,
          -0.09389226647274106,
          0.3540484441772728,
          -3.5603860846362316
        ],
        [
          0.36554065220232357,
          -0.17636771165468065,
          0.913933665528103,
          1.2335734797033733
        ],
        [
          -0.02336856544691668,
          0.9798360542739479,
          0.19843190019054593,
          -1.5729575610714588
        ],
        [
          0.0,
          0.0,
          0.0,
          1.0
        ]
      ]
    },
    {
      "file_path": "./images/rgb_583.png",
      "sharpness": 521.8399660481772,
      "transform_matrix": [
        [
          -0.9316787866577182,
          -0.09480860043062035,
          0.3506954758593585,
          -3.608006972058633
        ],
        [
          0.3625443874085505,
          -0.18104037934415163,
          0.9142140367598917,
          1.1999693684726387
        ],
        [
          -0.02318519194745341,
          0.9788951994846885,
          0.20304345741618376,
          -1.5438238310723975
        ],
        [
          0.0,
          0.0,
          0.0,
          1.0
        ]
      ]
    },
    {
      "file_path": "./images/rgb_581.png",
      "sharpness": 515.2357483621809,
      "transform_matrix": [
        [
          -0.9332498302368755,
          -0.09720234237480327,
          0.3458279006219837,
          -3.699054044984492
        ],
        [
          0.3585006999292429,
          -0.19075615404400004,
          0.9138324896133938,
          1.1427350320616836
        ],
        [
          -0.022857812232076644,
          0.9768130998679544,
          0.21287013008416583,
          -1.4764595884600134
        ],
        [
          0.0,
          0.0,
          0.0,
          1.0
        ]
      ]
    },
    {
      "file_path": "./images/rgb_582.png",
      "sharpness": 519.4294617575645,
      "transform_matrix": [
        [
          -0.9327751380248667,
          -0.0966368924952659,
          0.34726443553280617,
          -3.6578426046904533
        ],
        [
          0.35967509490703264,
          -0.18599169354807624,
          0.9143531352952018,
          1.1694465505510852
        ],
        [
          -0.023771876786462583,
          0.9777875318452416,
          0.20824611923589886,
          -1.5108124059115569
        ],
        [
          0.0,
          0.0,
          0.0,
          1.0
        ]
      ]
    },
    {
      "file_path": "./images/rgb_580.png",
      "sharpness": 523.0258951478638,
      "transform_matrix": [
        [
          -0.9337314652899127,
          -0.09888855728973212,
          0.3440461334821125,
          -3.7436465882267376
        ],
        [
          0.35724291555165305,
          -0.19594061290968334,
          0.9132282969741061,
          1.119127645474073
        ],
        [
          -0.02289510389620876,
          0.9756169441897377,
          0.21828284901054304,
          -1.4372719273657657
        ],
        [
          0.0,
          0.0,
          0.0,
          1.0
        ]
      ]
    },
    {
      "file_path": "./images/rgb_577.png",
      "sharpness": 518.3160601927015,
      "transform_matrix": [
        [
          -0.9338200571073976,
          -0.10373989488721251,
          0.3423706220089306,
          -3.8640195298766042
        ],
        [
          0.35703062329446944,
          -0.20991511078775169,
          0.9102001335396646,
          1.071400828276362
        ],
        [
          -0.022555354594645215,
          0.9722004100663671,
          0.23306139489659394,
          -1.311482290926915
        ],
        [
          0.0,
          0.0,
          0.0,
          1.0
        ]
      ]
    },
    {
      "file_path": "./images/rgb_575.png",
      "sharpness": 536.2923141504817,
      "transform_matrix": [
        [
          -0.9330314416807003,
          -0.10851511256787147,
          0.34304036844771446,
          -3.9382768357688183
        ],
        [
          0.3590298187212985,
          -0.2186707322631687,
          0.9073481107873843,
          1.0585577534657757
        ],
        [
          -0.023448106537856155,
          0.9697461376951443,
          0.242986858920211,
          -1.214935267712345
        ],
        [
          0.0,
          0.0,
          0.0,
          1.0
        ]
      ]
    },
    {
      "file_path": "./images/rgb_579.png",
      "sharpness": 528.1470670471083,
      "transform_matrix": [
        [
          -0.9341168961938123,
          -0.10018456723952669,
          0.34262083280941913,
          -3.7861858427143287
        ],
        [
          0.35623400814532225,
          -0.20011630741415723,
          0.9127163613478155,
          1.0999959266440422
        ],
        [
          -0.022876040428546532,
          0.9746366224067151,
          0.22262107772492304,
          -1.4001464012423266
        ],
        [
          0.0,
          0.0,
          0.0,
          1.0
        ]
      ]
    },
    {
      "file_path": "./images/rgb_578.png",
      "sharpness": 523.0882649673354,
      "transform_matrix": [
        [
          -0.9339977634688984,
          -0.10199561412038063,
          0.3424093569467742,
          -3.825776614026225
        ],
        [
          0.3565548858274926,
          -0.20517129384539445,
          0.9114671911115785,
          1.0830189043572531
        ],
        [
          -0.022713183338901936,
          0.9733969168290152,
          0.22799680951329684,
          -1.3564811848204927
        ],
        [
          0.0,
          0.0,
          0.0,
          1.0
        ]
      ]
    },
    {
      "file_path": "./images/rgb_576.png",
      "sharpness": 529.5776386234603,
      "transform_matrix": [
        [
          -0.9334159424872134,
          -0.1059805516117442,
          0.34278661879172717,
          -3.901158624786694
        ],
        [
          0.35806715662624594,
          -0.2142878561297587,
          0.9087730682956281,
          1.0624768130538147
        ],
        [
          -0.022857277196224355,
          0.9710040294934614,
          0.2379678932318593,
          -1.2652962440707567
        ],
        [
          0.0,
          0.0,
          0.0,
          1.0
        ]
      ]
    },
    {
      "file_path": "./images/rgb_574.png",
      "sharpness": 541.4546862920017,
      "transform_matrix": [
        [
          -0.9322748367811088,
          -0.11126273816675297,
          0.34421527734735524,
          -3.972672137043307
        ],
        [
          0.36096023451784254,
          -0.22324289052965665,
          0.9054668659831906,
          1.0578494526022828
        ],
        [
          -0.02390111876341179,
          0.9683920734356424,
          0.24828517433254813,
          -1.1623516218616499
        ],
        [
          0.0,
          0.0,
          0.0,
          1.0
        ]
      ]
    },
    {
      "file_path": "./images/rgb_57.png",
      "sharpness": 1338.8404773963828,
      "transform_matrix": [
        [
          0.04027973462521401,
          -0.10182976809160309,
          0.9939860424220137,
          7.365879427824078
        ],
        [
          0.9933530071672968,
          0.11143694093184787,
          -0.028837827169419208,
          -0.9003865315650671
        ],
        [
          -0.1078302092121245,
          0.9885405960160506,
          0.10564155576258683,
          0.8396931489984165
        ],
        [
          0.0,
          0.0,
          0.0,
          1.0
        ]
      ]
    },
    {
      "file_path": "./images/rgb_571.png",
      "sharpness": 563.7357744333477,
      "transform_matrix": [
        [
          -0.9283779246810152,
          -0.1197120647881122,
          0.35182996194917737,
          -4.060018175271807
        ],
        [
          0.3708171407410768,
          -0.23547492437658618,
          0.8983579972552846,
          1.0851863465703788
        ],
        [
          -0.024697035562513944,
          0.964479481710873,
          0.263000756492361,
          -0.9885456300380034
        ],
        [
          0.0,
          0.0,
          0.0,
          1.0
        ]
      ]
    },
    {
      "file_path": "./images/rgb_573.png",
      "sharpness": 539.4424639322916,
      "transform_matrix": [
        [
          -0.9312462686491323,
          -0.11391262788457719,
          0.3461275845725883,
          -4.00442378355913
        ],
        [
          0.36358842059856106,
          -0.2274901153911975,
          0.903355806034966,
          1.0632435559020867
        ],
        [
          -0.02416302904666856,
          0.9670947011884653,
          0.2532666323165048,
          -1.1068074253365618
        ],
        [
          0.0,
          0.0,
          0.0,
          1.0
        ]
      ]
    },
    {
      "file_path": "./images/rgb_572.png",
      "sharpness": 544.712093095896,
      "transform_matrix": [
        [
          -0.929915960943608,
          -0.1165844745425396,
          0.3488036765021059,
          -4.032549646291209
        ],
        [
          0.3669729347959229,
          -0.2316751906934557,
          0.9009201437334916,
          1.0716340772858037
        ],
        [
          -0.024224192016543397,
          0.9657818751348862,
          0.2582219074395553,
          -1.0486554078878738
        ],
        [
          0.0,
          0.0,
          0.0,
          1.0
        ]
      ]
    },
    {
      "file_path": "./images/rgb_570.png",
      "sharpness": 561.3739805928441,
      "transform_matrix": [
        [
          -0.9267056258800312,
          -0.1227436482107122,
          0.3551776533912146,
          -4.085353853381382
        ],
        [
          0.3749607357981193,
          -0.23931493535109158,
          0.8956189483600115,
          1.1018078998960008
        ],
        [
          -0.02493215007557421,
          0.9631523293393872,
          0.26779840473112754,
          -0.925645200208622
        ],
        [
          0.0,
          0.0,
          0.0,
          1.0
        ]
      ]
    },
    {
      "file_path": "./images/rgb_569.png",
      "sharpness": 570.8786534052425,
      "transform_matrix": [
        [
          -0.924870259692374,
          -0.12650224869545126,
          0.3586264157241257,
          -4.1108134937391885
        ],
        [
          0.3794055803546639,
          -0.2428977945122974,
          0.8927781356194954,
          1.1223228762029251
        ],
        [
          -0.025828768815457828,
          0.9617681218165083,
          0.2726443945144695,
          -0.8607668948081819
        ],
        [
          0.0,
          0.0,
          0.0,
          1.0
        ]
      ]
    },
    {
      "file_path": "./images/rgb_568.png",
      "sharpness": 579.6797399401239,
      "transform_matrix": [
        [
          -0.9226072877410856,
          -0.12975856857142534,
          0.36326045378055577,
          -4.131443196179969
        ],
        [
          0.3848622921427449,
          -0.24615182857808704,
          0.8895447931559192,
          1.1458746285381856
        ],
        [
          -0.02600888758684034,
          0.9605060919713092,
          0.27704075385030025,
          -0.7950957500093195
        ],
        [
          0.0,
          0.0,
          0.0,
          1.0
        ]
      ]
    },
    {
      "file_path": "./images/rgb_567.png",
      "sharpness": 585.7880637802018,
      "transform_matrix": [
        [
          -0.9202180297737326,
          -0.13361959692853045,
          0.36789165790836714,
          -4.152498998485875
        ],
        [
          0.39049181435539854,
          -0.24921910367073555,
          0.8862311592331585,
          1.1720083778399144
        ],
        [
          -0.026732269856608946,
          0.9591848658268135,
          0.2815133629648377,
          -0.7279044072735826
        ],
        [
          0.0,
          0.0,
          0.0,
          1.0
        ]
      ]
    },
    {
      "file_path": "./images/rgb_56.png",
      "sharpness": 1354.5446486676426,
      "transform_matrix": [
        [
          0.04841934238913367,
          -0.10450239307851457,
          0.9933452533705127,
          7.363938618540316
        ],
        [
          0.992987522996902,
          0.11241893424037507,
          -0.03657515348894018,
          -0.9559448023433874
        ],
        [
          -0.10784863511766901,
          0.9881504067793775,
          0.10921282569218044,
          0.8403894654176693
        ],
        [
          0.0,
          0.0,
          0.0,
          1.0
        ]
      ]
    },
    {
      "file_path": "./images/rgb_565.png",
      "sharpness": 602.2562695107354,
      "transform_matrix": [
        [
          -0.9146691275309944,
          -0.14179673201737752,
          0.3785172231457058,
          -4.190025849482202
        ],
        [
          0.40319771299054624,
          -0.2540034807400278,
          0.8791558843415204,
          1.2351572072041421
        ],
        [
          -0.028516536274072146,
          0.9567528738748132,
          0.28950089653860966,
          -0.5892850082643972
        ],
        [
          0.0,
          0.0,
          0.0,
          1.0
        ]
      ]
    },
    {
      "file_path": "./images/rgb_566.png",
      "sharpness": 597.1819186136457,
      "transform_matrix": [
        [
          -0.9175339246194412,
          -0.13787343406379057,
          0.37299269558154113,
          -4.172127977608605
        ],
        [
          0.3966969649742087,
          -0.25214800126608033,
          0.8826403901649561,
          1.2021638929882992
        ],
        [
          -0.027643113627458568,
          0.9578164924280475,
          0.2860479789168023,
          -0.6568958416076335
        ],
        [
          0.0,
          0.0,
          0.0,
          1.0
        ]
      ]
    },
    {
      "file_path": "./images/rgb_564.png",
      "sharpness": 621.2659454240162,
      "transform_matrix": [
        [
          -0.911364019270062,
          -0.14619719614056292,
          0.384760871820827,
          -4.2048245894769405
        ],
        [
          0.4105515927129157,
          -0.2562076546600921,
          0.875102242523265,
          1.2700407770378574
        ],
        [
          -0.029358998489231892,
          0.9555019036558083,
          0.2935202536489072,
          -0.5163877291908716
        ],
        [
          0.0,
          0.0,
          0.0,
          1.0
        ]
      ]
    },
    {
      "file_path": "./images/rgb_562.png",
      "sharpness": 641.4702142024993,
      "transform_matrix": [
        [
          -0.9039878001598756,
          -0.1547763778374173,
          0.3985602509244424,
          -4.230302752424592
        ],
        [
          0.42643686434989303,
          -0.2589183049615114,
          0.8666676726110417,
          1.3448218147449258
        ],
        [
          -0.03094514874401122,
          0.9534178397582826,
          0.3000613593233127,
          -0.37123807441759044
        ],
        [
          0.0,
          0.0,
          0.0,
          1.0
        ]
      ]
    },
    {
      "file_path": "./images/rgb_563.png",
      "sharpness": 635.0399798888735,
      "transform_matrix": [
        [
          -0.9078225569948691,
          -0.15027674376814049,
          0.39150244282386365,
          -4.218288910284119
        ],
        [
          0.41826310857993126,
          -0.25719869857169286,
          0.8711508733272536,
          1.3060918717133532
        ],
        [
          -0.030219963420534547,
          0.9546023330006996,
          0.2963462831707165,
          -0.4471277278177038
        ],
        [
          0.0,
          0.0,
          0.0,
          1.0
        ]
      ]
    },
    {
      "file_path": "./images/rgb_561.png",
      "sharpness": 662.6827752342119,
      "transform_matrix": [
        [
          -0.8998842051526472,
          -0.15936473983595678,
          0.40596901704768334,
          -4.241796335843923
        ],
        [
          0.434948357406974,
          -0.25950646666544414,
          0.8622504617312134,
          1.3851058216086933
        ],
        [
          -0.03206081917776041,
          0.9525015567068835,
          0.3028413408409963,
          -0.2996800288408029
        ],
        [
          0.0,
          0.0,
          0.0,
          1.0
        ]
      ]
    },
    {
      "file_path": "./images/rgb_560.png",
      "sharpness": 678.3456477775469,
      "transform_matrix": [
        [
          -0.895201733030803,
          -0.1638049474490377,
          0.414465724714118,
          -4.249290097959862
        ],
        [
          0.44445817305874596,
          -0.2598603768199598,
          0.8572803264767695,
          1.4261661305391642
        ],
        [
          -0.032723531772621314,
          0.9516514745695657,
          0.305431894931948,
          -0.22597383730016457
        ],
        [
          0.0,
          0.0,
          0.0,
          1.0
        ]
      ]
    },
    {
      "file_path": "./images/rgb_559.png",
      "sharpness": 692.0624506630792,
      "transform_matrix": [
        [
          -0.8907581574354564,
          -0.16916355006636158,
          0.42182108385526723,
          -4.262937548256384
        ],
        [
          0.4531675350023361,
          -0.260193326128161,
          0.8526066138035565,
          1.4691307388023966
        ],
        [
          -0.034475041357715716,
          0.9506224544189756,
          0.30842893205608934,
          -0.1505028014470821
        ],
        [
          0.0,
          0.0,
          0.0,
          1.0
        ]
      ]
    },
    {
      "file_path": "./images/rgb_558.png",
      "sharpness": 701.146957854165,
      "transform_matrix": [
        [
          -0.885542644271735,
          -0.17405014912552821,
          0.43072217161122006,
          -4.2693737065887545
        ],
        [
          0.46319027632258725,
          -0.2596782183654575,
          0.8473622729335749,
          1.5118469176998355
        ],
        [
          -0.03563420213067234,
          0.9498809811832244,
          0.3105742212826522,
          -0.07766580304738215
        ],
        [
          0.0,
          0.0,
          0.0,
          1.0
        ]
      ]
    },
    {
      "file_path": "./images/rgb_557.png",
      "sharpness": 721.2237327753598,
      "transform_matrix": [
        [
          -0.8799667939468218,
          -0.17848119378552613,
          0.4402305261459664,
          -4.273004433880068
        ],
        [
          0.47363885521690197,
          -0.2586466503068629,
          0.8418836952850307,
          1.5565559334925827
        ],
        [
          -0.0363962537790072,
          0.9493399682365719,
          0.3121360885155735,
          -0.005079980837074037
        ],
        [
          0.0,
          0.0,
          0.0,
          1.0
        ]
      ]
    },
    {
      "file_path": "./images/rgb_556.png",
      "sharpness": 740.7691436754754,
      "transform_matrix": [
        [
          -0.8740233437233906,
          -0.18378875933628444,
          0.44978355291939154,
          -4.277469359295174
        ],
        [
          0.4844235887514799,
          -0.25788523555245113,
          0.8359601396527746,
          1.5994153217436282
        ],
        [
          -0.03764746581266964,
          0.9485341042227697,
          0.314429215721008,
          0.06986219603828261
        ],
        [
          0.0,
          0.0,
          0.0,
          1.0
        ]
      ]
    },
    {
      "file_path": "./images/rgb_555.png",
      "sharpness": 746.5921206319173,
      "transform_matrix": [
        [
          -0.8675607025853578,
          -0.18793004380002332,
          0.4604563886612786,
          -4.275037154984967
        ],
        [
          0.495861729640904,
          -0.25575570444122,
          0.829885242231988,
          1.6445077529071492
        ],
        [
          -0.03819615540968331,
          0.9482991239455358,
          0.31507111331794385,
          0.14200377350829688
        ],
        [
          0.0,
          0.0,
          0.0,
          1.0
        ]
      ]
    },
    {
      "file_path": "./images/rgb_55.png",
      "sharpness": 1348.463404709498,
      "transform_matrix": [
        [
          0.05686890125153283,
          -0.10685894235338239,
          0.9926465230403997,
          7.35392001400145
        ],
        [
          0.9925696059970155,
          0.11317783098111725,
          -0.04468083923178727,
          -1.0136396490228443
        ],
        [
          -0.10757102210229509,
          0.9878116981663944,
          0.11250123467727689,
          0.8361728163708101
        ],
        [
          0.0,
          0.0,
          0.0,
          1.0
        ]
      ]
    },
    {
      "file_path": "./images/rgb_553.png",
      "sharpness": 769.493567077467,
      "transform_matrix": [
        [
          -0.8548855625582671,
          -0.19811217128044503,
          0.47950212651346763,
          -4.282787591992023
        ],
        [
          0.5171687253108868,
          -0.2517992552510783,
          0.8180059241974305,
          1.7328279016072836
        ],
        [
          -0.04131864128188741,
          0.947284914585955,
          0.3177169526011152,
          0.2864806699339292
        ],
        [
          0.0,
          0.0,
          0.0,
          1.0
        ]
      ]
    },
    {
      "file_path": "./images/rgb_554.png",
      "sharpness": 760.813492750793,
      "transform_matrix": [
        [
          -0.8611914449125689,
          -0.19343584395898028,
          0.47003313763246446,
          -4.2796576318961055
        ],
        [
          0.5067301734128735,
          -0.2545828349235911,
          0.823657320975859,
          1.6879471439383678
        ],
        [
          -0.03966263377369567,
          0.9475072832612265,
          0.31726456100545086,
          0.21733898957153036
        ],
        [
          0.0,
          0.0,
          0.0,
          1.0
        ]
      ]
    },
    {
      "file_path": "./images/rgb_552.png",
      "sharpness": 785.5559014322918,
      "transform_matrix": [
        [
          -0.8481785420862807,
          -0.20155106108255613,
          0.4898679013881961,
          -4.279669268537476
        ],
        [
          0.5280543692640765,
          -0.24864229235107274,
          0.8119949672477137,
          1.7765454213368936
        ],
        [
          -0.04185651894874832,
          0.947393378495231,
          0.3173229042238693,
          0.355434652095552
        ],
        [
          0.0,
          0.0,
          0.0,
          1.0
        ]
      ]
    },
    {
      "file_path": "./images/rgb_551.png",
      "sharpness": 795.305112656392,
      "transform_matrix": [
        [
          -0.8414068890279113,
          -0.2056949790793519,
          0.49972408592107503,
          -4.279260600189829
        ],
        [
          0.538677281644196,
          -0.24541847376797588,
          0.8059756200186227,
          1.819517570069894
        ],
        [
          -0.0431435849790331,
          0.9473433214362172,
          0.3172999636574569,
          0.4234825231655457
        ],
        [
          0.0,
          0.0,
          0.0,
          1.0
        ]
      ]
    },
    {
      "file_path": "./images/rgb_550.png",
      "sharpness": 812.7765814707013,
      "transform_matrix": [
        [
          -0.8344149851276123,
          -0.20954939338337503,
          0.5097460490692864,
          -4.275973852236733
        ],
        [
          0.5493521509178023,
          -0.24185292745219084,
          0.7998248121635007,
          1.8609924655077887
        ],
        [
          -0.04431915161108114,
          0.9474155712360245,
          0.31692200884618227,
          0.4886688327060539
        ],
        [
          0.0,
          0.0,
          0.0,
          1.0
        ]
      ]
    },
    {
      "file_path": "./images/rgb_549.png",
      "sharpness": 828.2337239562565,
      "transform_matrix": [
        [
          -0.8279159296060161,
          -0.21291368622484616,
          0.5188671840889448,
          -4.27700319669505
        ],
        [
          0.5589758362839241,
          -0.23763008327666252,
          0.794404266712826,
          1.902693808922486
        ],
        [
          -0.045841048279235415,
          0.9477339985560788,
          0.3157512821515689,
          0.5508802254490814
        ],
        [
          0.0,
          0.0,
          0.0,
          1.0
        ]
      ]
    },
    {
      "file_path": "./images/rgb_54.png",
      "sharpness": 1347.4042708282045,
      "transform_matrix": [
        [
          0.06556012091651635,
          -0.10877138737135562,
          0.9919025434176854,
          7.347623892242754
        ],
        [
          0.9920221399726594,
          0.11436903139841909,
          -0.05302639213457004,
          -1.071870253555692
        ],
        [
          -0.10767517898701001,
          0.9874657006336424,
          0.11540167201950052,
          0.8292465939931076
        ],
        [
          0.0,
          0.0,
          0.0,
          1.0
        ]
      ]
    },
    {
      "file_path": "./images/rgb_548.png",
      "sharpness": 833.312951888773,
      "transform_matrix": [
        [
          -0.8204583304314695,
          -0.21600555728886814,
          0.5293294886388131,
          -4.269836556672245
        ],
        [
          0.5698191960878827,
          -0.23380116884331106,
          0.787809036040834,
          1.9391571183025813
        ],
        [
          -0.04641328120268547,
          0.9479866084420957,
          0.3149082357056369,
          0.6149502879887692
        ],
        [
          0.0,
          0.0,
          0.0,
          1.0
        ]
      ]
    },
    {
      "file_path": "./images/rgb_546.png",
      "sharpness": 859.581005858093,
      "transform_matrix": [
        [
          -0.8065291228473522,
          -0.22188690286865934,
          0.5479752126294751,
          -4.263021432698101
        ],
        [
          0.5891846820673213,
          -0.22531812313618751,
          0.7759465250144375,
          2.0096471743261657
        ],
        [
          -0.04870365762567468,
          0.9486822042476596,
          0.3124580360868379,
          0.7367853255639965
        ],
        [
          0.0,
          0.0,
          0.0,
          1.0
        ]
      ]
    },
    {
      "file_path": "./images/rgb_547.png",
      "sharpness": 849.2720897918274,
      "transform_matrix": [
        [
          -0.8136814921131097,
          -0.21871830644736212,
          0.5385955078534582,
          -4.2672368823273645
        ],
        [
          0.5793403090325634,
          -0.22887755713521263,
          0.7822916741514302,
          1.9772000703829282
        ],
        [
          -0.04782899728771498,
          0.9485659826738279,
          0.3129456445398472,
          0.6719573871990105
        ],
        [
          0.0,
          0.0,
          0.0,
          1.0
        ]
      ]
    },
    {
      "file_path": "./images/rgb_545.png",
      "sharpness": 867.791147856384,
      "transform_matrix": [
        [
          -0.799840309583627,
          -0.22400958176942898,
          0.556843614882712,
          -4.25901228082931
        ],
        [
          0.5981211090890376,
          -0.22009278120641815,
          0.7705906358021737,
          2.042393330275247
        ],
        [
          -0.050062512476023904,
          0.949409721829369,
          0.31002405155415347,
          0.7902818110600905
        ],
        [
          0.0,
          0.0,
          0.0,
          1.0
        ]
      ]
    },
    {
      "file_path": "./images/rgb_544.png",
      "sharpness": 879.253054938253,
      "transform_matrix": [
        [
          -0.7922432798583401,
          -0.22624399280376914,
          0.5667140898177359,
          -4.24664144283807
        ],
        [
          0.6080949420000811,
          -0.21553770719927676,
          0.7640449346703021,
          2.0686564131832297
        ],
        [
          -0.050712178275086825,
          0.9499248619607973,
          0.308335940466053,
          0.848016276248395
        ],
        [
          0.0,
          0.0,
          0.0,
          1.0
        ]
      ]
    },
    {
      "file_path": "./images/rgb_541.png",
      "sharpness": 908.5169302546079,
      "transform_matrix": [
        [
          -0.773056510186054,
          -0.22790637553436188,
          0.5919817551209456,
          -4.222240136414328
        ],
        [
          0.6321309997028406,
          -0.1990137868736085,
          0.7488684763465039,
          2.1393121850915158
        ],
        [
          -0.05285935072547499,
          0.9531275928925402,
          0.2979155639914104,
          0.9874596989351981
        ],
        [
          0.0,
          0.0,
          0.0,
          1.0
        ]
      ]
    },
    {
      "file_path": "./images/rgb_543.png",
      "sharpness": 891.1222459835053,
      "transform_matrix": [
        [
          -0.7860815881394989,
          -0.22683332131008693,
          0.5749979195362074,
          -4.242202541444625
        ],
        [
          0.6159687614926391,
          -0.20986957395885494,
          0.7593006486830435,
          2.09691111477937
        ],
        [
          -0.05156006771162521,
          0.9510528056419228,
          0.30469677982674,
          0.8942743260101624
        ],
        [
          0.0,
          0.0,
          0.0,
          1.0
        ]
      ]
    },
    {
      "file_path": "./images/rgb_542.png",
      "sharpness": 899.4528864990233,
      "transform_matrix": [
        [
          -0.7794114345064939,
          -0.2273235892677592,
          0.5838166192999924,
          -4.230986495190112
        ],
        [
          0.6243422502000571,
          -0.20432727180037671,
          0.7539543516750699,
          2.1205440422056343
        ],
        [
          -0.05210194242735646,
          0.9521419841697957,
          0.30118272024585585,
          0.9431099823387367
        ],
        [
          0.0,
          0.0,
          0.0,
          1.0
        ]
      ]
    },
    {
      "file_path": "./images/rgb_540.png",
      "sharpness": 911.2068162780339,
      "transform_matrix": [
        [
          -0.7674713490330503,
          -0.22864951522031524,
          0.5989213716597376,
          -4.221026122558325
        ],
        [
          0.6387576419842077,
          -0.1932350251401682,
          0.7447473257004921,
          2.1541726932223106
        ],
        [
          -0.054553600130306516,
          0.954138134614106,
          0.2943540647055939,
          1.0264816683688724
        ],
        [
          0.0,
          0.0,
          0.0,
          1.0
        ]
      ]
    },
    {
      "file_path": "./images/rgb_53.png",
      "sharpness": 1351.4491008239747,
      "transform_matrix": [
        [
          0.0737604738462779,
          -0.11121531706891294,
          0.991055278632431,
          7.335305864778004
        ],
        [
          0.9914401163259648,
          0.11552870891784867,
          -0.06082458987091776,
          -1.1265271146043665
        ],
        [
          -0.10773070303446589,
          0.9870583946051538,
          0.11878477702222258,
          0.8239222886325698
        ],
        [
          0.0,
          0.0,
          0.0,
          1.0
        ]
      ]
    },
    {
      "file_path": "./images/rgb_539.png",
      "sharpness": 920.7381181462607,
      "transform_matrix": [
        [
          -0.7614592943640737,
          -0.2273579296465393,
          0.6070323840118151,
          -4.2060040441304105
        ],
        [
          0.6459256988917788,
          -0.1875371671733208,
          0.7400067597373645,
          2.165359614384434
        ],
        [
          -0.054405226908517464,
          0.9555826548404504,
          0.2896581895305694,
          1.0639358076074168
        ],
        [
          0.0,
          0.0,
          0.0,
          1.0
        ]
      ]
    },
    {
      "file_path": "./images/rgb_537.png",
      "sharpness": 932.558372708119,
      "transform_matrix": [
        [
          -0.7509844921497929,
          -0.2247818974036964,
          0.6208826619046925,
          -4.185061315210684
        ],
        [
          0.6579896236592192,
          -0.1758209413075569,
          0.7322134521350021,
          2.17830239589261
        ],
        [
          -0.055424178676673326,
          0.9584154008848429,
          0.27994298878207674,
          1.1294588470455786
        ],
        [
          0.0,
          0.0,
          0.0,
          1.0
        ]
      ]
    },
    {
      "file_path": "./images/rgb_538.png",
      "sharpness": 927.1341565916272,
      "transform_matrix": [
        [
          -0.7558727252670774,
          -0.2280489325744482,
          0.6137181142455443,
          -4.1999674903155295
        ],
        [
          0.6523151502887549,
          -0.182073260211754,
          0.735754094359908,
          2.173254448668597
        ],
        [
          -0.05604631824112684,
          0.9564742482351974,
          0.28638403881532415,
          1.1035616072969
        ],
        [
          0.0,
          0.0,
          0.0,
          1.0
        ]
      ]
    },
    {
      "file_path": "./images/rgb_536.png",
      "sharpness": 933.6734244683158,
      "transform_matrix": [
        [
          -0.7474820277978476,
          -0.2246776854531565,
          0.6251323800675836,
          -4.1925874354093295
        ],
        [
          0.6617280499776956,
          -0.1694047375729064,
          0.7303546803309907,
          2.1764601141908573
        ],
        [
          -0.05819402555569565,
          0.959594687658512,
          0.27530254150147215,
          1.1502434367947179
        ],
        [
          0.0,
          0.0,
          0.0,
          1.0
        ]
      ]
    },
    {
      "file_path": "./images/rgb_535.png",
      "sharpness": 933.6417731412145,
      "transform_matrix": [
        [
          -0.7433296478384698,
          -0.2225111942649527,
          0.6308322709949524,
          -4.186383767777941
        ],
        [
          0.6663069240558949,
          -0.16293985225777208,
          0.7276573610718476,
          2.16475723021617
        ],
        [
          -0.0591242826461924,
          0.9612176226760533,
          0.2693788994295742,
          1.1676085340557418
        ],
        [
          0.0,
          0.0,
          0.0,
          1.0
        ]
      ]
    },
    {
      "file_path": "./images/rgb_534.png",
      "sharpness": 934.8878186392784,
      "transform_matrix": [
        [
          -0.7396730692061845,
          -0.21862125911432417,
          0.6364655209472244,
          -4.17491153308352
        ],
        [
          0.6703620807905272,
          -0.15623980519026281,
          0.7253989704956769,
          2.1537965022171233
        ],
        [
          -0.059146413900666495,
          0.9632205626758953,
          0.26212181665074696,
          1.1792580604541223
        ],
        [
          0.0,
          0.0,
          0.0,
          1.0
        ]
      ]
    },
    {
      "file_path": "./images/rgb_532.png",
      "sharpness": 935.9496880415917,
      "transform_matrix": [
        [
          -0.7339329861174333,
          -0.21083823740755364,
          0.64567031264055,
          -4.156356203492098
        ],
        [
          0.6766220371023448,
          -0.14384919634124907,
          0.7221430434643661,
          2.1127469787600344
        ],
        [
          -0.059376113785744776,
          0.9668788471236065,
          0.2482333185746138,
          1.1975359544286188
        ],
        [
          0.0,
          0.0,
          0.0,
          1.0
        ]
      ]
    },
    {
      "file_path": "./images/rgb_533.png",
      "sharpness": 939.4218075749715,
      "transform_matrix": [
        [
          -0.7366003568250483,
          -0.21530564651125178,
          0.6411420748192447,
          -4.168612941417963
        ],
        [
          0.6736855215944153,
          -0.1498583110252649,
          0.7236643351088183,
          2.136715891116368
        ],
        [
          -0.05972859274343482,
          0.9649797609381721,
          0.2554340466917,
          1.1895862919602174
        ],
        [
          0.0,
          0.0,
          0.0,
          1.0
        ]
      ]
    },
    {
      "file_path": "./images/rgb_531.png",
      "sharpness": 931.1162516394298,
      "transform_matrix": [
        [
          -0.7319625377754249,
          -0.20736617307964944,
          0.6490221679404655,
          -4.152384928613056
        ],
        [
          0.6786484878229264,
          -0.13723260919093064,
          0.7215283079038904,
          2.0852705427450107
        ],
        [
          -0.06055361630185209,
          0.9685899268806082,
          0.24117796047490522,
          1.2022787839560087
        ],
        [
          0.0,
          0.0,
          0.0,
          1.0
        ]
      ]
    },
    {
      "file_path": "./images/rgb_530.png",
      "sharpness": 929.0478489556207,
      "transform_matrix": [
        [
          -0.7315767768014251,
          -0.2012923736817288,
          0.6513656552180732,
          -4.1491995380345585
        ],
        [
          0.6790214202347868,
          -0.12959368278903818,
          0.7225896541896444,
          2.0530410366124956
        ],
        [
          -0.06103884660256153,
          0.970920644383975,
          0.23148945136509025,
          1.1904985653649127
        ],
        [
          0.0,
          0.0,
          0.0,
          1.0
        ]
      ]
    },
    {
      "file_path": "./images/rgb_52.png",
      "sharpness": 1345.5630520873601,
      "transform_matrix": [
        [
          0.08273197360547692,
          -0.11269832720764245,
