{
  "camera_angle_x": 1.570855703557627,
  "camera_angle_y": 1.2867202705944714,
  "fl_x": 319.981,
  "fl_y": 320.094,
  "k1": 0.000854709,
  "k2": -0.0011669,
  "k3": 0,
  "k4": 0,
  "p1": 0.000331999,
  "p2": 0.000327971,
  "is_fisheye": false,
  "cx": 320.41,
  "cy": 240.254,
  "w": 640.0,
  "h": 480.0,
  "aabb_scale": 32,
  "frames": [
    {
      "file_path": "./images/rgb_585.png",
      "sharpness": 539.8043355865059,
      "transform_matrix": [
        [
          -0.9294854114738256,
          -0.09379215871451724,
          0.35673389950866696,
          0
        ],
        [
          0.36804402911299394,
          -0.17162052557293292,
          0.9138321280985165,
          0
        ],
        [
          -0.02448749625005574,
          0.9806882110434704,
          0.19403862863400131,
          0
        ],
        [
          0.0,
          0.0,
          0.0,
          1.0
        ]
      ]
    },
    {
      "file_path": "./images/rgb_586.png",
      "sharpness": 539.8043355865059,
      "transform_matrix": [
        [
          -0.9294854114738256,
          -0.09379215871451724,
          0.35673389950866696,
          0
        ],
        [
          0.36804402911299394,
          -0.17162052557293292,
          0.9138321280985165,
          0
        ],
        [
          -0.02448749625005574,
          0.9806882110434704,
          0.19403862863400131,
          0
        ],
        [
          0.0,
          0.0,
          0.0,
          1.0
        ]
      ]
    }
  ]
}
