{
  "camera_angle_x": 0.6152937992551275,
  "camera_angle_y": 1.0308943088986136,
  "fl_x": 1133.02,
  "fl_y": 1129.68,
  "k1": 0.0704299,
  "k2": -0.110761,
  "k3": 0,
  "k4": 0,
  "p1": 0.00334042,
  "p2": -0.000765531,
  "is_fisheye": false,
  "cx": 360.448,
  "cy": 650.132,
  "w": 720.0,
  "h": 1280.0,
  "aabb_scale": 32,
  "frames": [
    {
      "file_path": "./images/0126.jpg",
      "sharpness": 341.9383247812048,
      "transform_matrix": [
        [
          0.6451635766858242,
          0.04024979281560969,
          0.7629837177882053,
          3.2528714646291537
        ],
        [
          0.7554928443982193,
          0.11538506621730693,
          -0.644916338953146,
          -3.1235277912447583
        ],
        [
          -0.11399463900585706,
          0.9925050655565323,
          0.04403370029560991,
          0.2641466199756638
        ],
        [
          0.0,
          0.0,
          0.0,
          1.0
        ]
      ]
    },
    {
      "file_path": "./images/0127.jpg",
      "sharpness": 439.18073572562736,
      "transform_matrix": [
        [
          0.7115005382486951,
          0.0756840892099842,
          0.6985980012829982,
          2.8788499921067
        ],
        [
          0.6820823110696681,
          0.16459459462804973,
          -0.7125114801134578,
          -3.424566200901354
        ],
        [
          -0.16891120364400475,
          0.9834534120785785,
          0.06548623395118833,
          0.40062901293835107
        ],
        [
          0.0,
          0.0,
          0.0,
          1.0
        ]
      ]
    },
    {
      "file_path": "./images/0025.jpg",
      "sharpness": 347.0590646078556,
      "transform_matrix": [
        [
          0.603100076596968,
          -0.07206528055231268,
          0.7944034952573901,
          3.1124889734553194
        ],
        [
          0.7969099457393758,
          0.011097778843840944,
          -0.603996189686691,
          -2.3940114809390494
        ],
        [
          0.03471104217564121,
          0.9973381756520382,
          0.06412260419867638,
          0.4971998100708561
        ],
        [
          0.0,
          0.0,
          0.0,
          1.0
        ]
      ]
    },
    {
      "file_path": "./images/0028.jpg",
      "sharpness": 280.5582898545959,
      "transform_matrix": [
        [
          0.7992210243671504,
          -0.04404847055584826,
          0.5994208540347454,
          1.871421506579384
        ],
        [
          0.5982297931117884,
          0.15457878996229096,
          -0.7862737325870026,
          -3.2444142696321316
        ],
        [
          -0.05802359066316612,
          0.9869980302395874,
          0.14989377369755874,
          0.876220753024857
        ],
        [
          0.0,
          0.0,
          0.0,
          1.0
        ]
      ]
    },
    {
      "file_path": "./images/0029.jpg",
      "sharpness": 175.52376716894454,
      "transform_matrix": [
        [
          0.8614641512696768,
          -0.023088982049289476,
          0.5072935410957123,
          1.4880274970480456
        ],
        [
          0.4997458586928837,
          0.21596123346877966,
          -0.8388177153947078,
          -3.5381272648506905
        ],
        [
          -0.09018831342011005,
          0.9761289353168904,
          0.1975813547662676,
          0.979125151468833
        ],
        [
          0.0,
          0.0,
          0.0,
          1.0
        ]
      ]
    },
    {
      "file_path": "./images/0023.jpg",
      "sharpness": 400.70077670597027,
      "transform_matrix": [
        [
          0.384584817024323,
          -0.09117536608243357,
          0.9185758777854169,
          3.857393963343585
        ],
        [
          0.9126208202305408,
          -0.11188889154653515,
          -0.393197375855893,
          -1.641823436825695
        ],
        [
          0.1386283691344308,
          0.9895291478118938,
          0.0401777621101357,
          0.28993850626013
        ],
        [
          0.0,
          0.0,
          0.0,
          1.0
        ]
      ]
    },
    {
      "file_path": "./images/0022.jpg",
      "sharpness": 242.55114245068472,
      "transform_matrix": [
        [
          0.2650528879233692,
          -0.09184101935454839,
          0.9598500886730911,
          4.031173297683891
        ],
        [
          0.9471735496308861,
          -0.16162805906567534,
          -0.2770173939668984,
          -1.1482087733902027
        ],
        [
          0.18058026622481393,
          0.9825688766716001,
          0.04414940034239027,
          0.31234957482894576
        ],
        [
          0.0,
          0.0,
          0.0,
          1.0
        ]
      ]
    },
    {
      "file_path": "./images/0021.jpg",
      "sharpness": 358.7038803248359,
      "transform_matrix": [
        [
          0.15189004982798868,
          -0.08491847645554108,
          0.9847427443759474,
          4.136374372135026
        ],
        [
          0.9654662048925804,
          -0.20061654032828968,
          -0.16621677969130083,
          -0.613094900428515
        ],
        [
          0.21167055975352372,
          0.9759825144473943,
          0.051514264012472125,
          0.39615188556421516
        ],
        [
          0.0,
          0.0,
          0.0,
          1.0
        ]
      ]
    },
    {
      "file_path": "./images/0024.jpg",
      "sharpness": 329.75003412181246,
      "transform_matrix": [
        [
          0.49641976236510643,
          -0.08410417479844423,
          0.8639987418694335,
          3.4943360736388103
        ],
        [
          0.8636169744332064,
          -0.05297646263038003,
          -0.5013572992140071,
          -2.0044995615695815
        ],
        [
          0.08793782707050599,
          0.9950477256217174,
          0.046335247307817566,
          0.40272072234873835
        ],
        [
          0.0,
          0.0,
          0.0,
          1.0
        ]
      ]
    },
    {
      "file_path": "./images/0019.jpg",
      "sharpness": 300.7441291570027,
      "transform_matrix": [
        [
          -0.036119550392767735,
          -0.07137122297208234,
          0.9967956139562314,
          4.318400091263199
        ],
        [
          0.9609361308070601,
          -0.2763615964956719,
          0.015032494350836562,
          0.16365548312911227
        ],
        [
          0.2744031562336197,
          0.9583999084472985,
          0.07856526752968312,
          0.5056305467975013
        ],
        [
          0.0,
          0.0,
          0.0,
          1.0
        ]
      ]
    },
    {
      "file_path": "./images/0020.jpg",
      "sharpness": 215.4422537358025,
      "transform_matrix": [
        [
          0.058850202467477165,
          -0.0749810347754413,
          0.9954468866567875,
          4.257151707765424
        ],
        [
          0.9693090840730989,
          -0.23414451946013803,
          -0.07494165637077012,
          -0.1597046528968781
        ],
        [
          0.2386976320758583,
          0.9693060399549354,
          0.05890034194265873,
          0.43737182689699944
        ],
        [
          0.0,
          0.0,
          0.0,
          1.0
        ]
      ]
    },
    {
      "file_path": "./images/0018.jpg",
      "sharpness": 231.0583749106501,
      "transform_matrix": [
        [
          -0.16300418534659333,
          -0.07331500716019926,
          0.9838976253836947,
          4.1855174485111695
        ],
        [
          0.934315460089272,
          -0.331871804829162,
          0.13006042893921296,
          0.5051394491284409
        ],
        [
          0.316992501930641,
          0.9404711636825265,
          0.1225958437630785,
          0.6437146404554688
        ],
        [
          0.0,
          0.0,
          0.0,
          1.0
        ]
      ]
    },
    {
      "file_path": "./images/0013.jpg",
      "sharpness": 344.1091525602445,
      "transform_matrix": [
        [
          -0.3178335223109685,
          -0.07654183141982884,
          0.9450520285410914,
          3.9707390473254534
        ],
        [
          0.8860247893348275,
          -0.37882858196949437,
          0.26729972687209846,
          0.7834883432488571
        ],
        [
          0.33755308899155784,
          0.9222962150774644,
          0.18822229863156123,
          0.7963297096897384
        ],
        [
          0.0,
          0.0,
          0.0,
          1.0
        ]
      ]
    },
    {
      "file_path": "./images/0014.jpg",
      "sharpness": 354.75843531945776,
      "transform_matrix": [
        [
          -0.36990468528781734,
          -0.061209235219162626,
          0.9270513153063569,
          3.9261580828711753
        ],
        [
          0.8589685814341691,
          -0.4027718873998782,
          0.31614555018097235,
          0.9219528758567501
        ],
        [
          0.3540391543948864,
          0.9132515035901722,
          0.2015639046171112,
          0.8493679353703975
        ],
        [
          0.0,
          0.0,
          0.0,
          1.0
        ]
      ]
    },
    {
      "file_path": "./images/0017.jpg",
      "sharpness": 199.2537846928302,
      "transform_matrix": [
        [
          -0.29042599492567045,
          -0.06839071194516651,
          0.954450416353272,
          3.997965889739555
        ],
        [
          0.8912058841973014,
          -0.3825279268470553,
          0.2437716988455329,
          0.8930489356567974
        ],
        [
          0.34843219212739945,
          0.9214093358922575,
          0.17204616256828917,
          0.8341401888041635
        ],
        [
          0.0,
          0.0,
          0.0,
          1.0
        ]
      ]
    },
    {
      "file_path": "./images/0016.jpg",
      "sharpness": 366.2683278400513,
      "transform_matrix": [
        [
          -0.3810789740983736,
          -0.05902273930809111,
          0.9226564457440712,
          3.893728631283733
        ],
        [
          0.851327740787899,
          -0.41161763971697607,
          0.3252871607699942,
          1.0555211159367048
        ],
        [
          0.3605823580580019,
          0.9094433191492701,
          0.2071066543081756,
          0.9034640737307488
        ],
        [
          0.0,
          0.0,
          0.0,
          1.0
        ]
      ]
    },
    {
      "file_path": "./images/0001.jpg",
      "sharpness": 490.7571328084264,
      "transform_matrix": [
        [
          0.676634955411761,
          0.07560117153656129,
          0.7324273571145057,
          3.5085507656516115
        ],
        [
          0.7251125457151051,
          0.10446722898080199,
          -0.6806604253660022,
          -3.0926435964311576
        ],
        [
          -0.12797333953966056,
          0.9916507048007088,
          0.015866719739640933,
          0.2716173516687315
        ],
        [
          0.0,
          0.0,
          0.0,
          1.0
        ]
      ]
    },
    {
      "file_path": "./images/0128.jpg",
      "sharpness": 358.8942369231752,
      "transform_matrix": [
        [
          0.7661244299056772,
          0.10203947978032518,
          0.6345398085812293,
          2.60450479711198
        ],
        [
          0.6048187559187276,
          0.2194496316173343,
          -0.7655295983515865,
          -3.653163803164767
        ],
        [
          -0.21736381716062708,
          0.970272971843129,
          0.10641061301501033,
          0.4614432754461063
        ],
        [
          0.0,
          0.0,
          0.0,
          1.0
        ]
      ]
    },
    {
      "file_path": "./images/0003.jpg",
      "sharpness": 492.19725718557083,
      "transform_matrix": [
        [
          0.5831037662225492,
          0.017874239638395288,
          0.8122009938347123,
          3.849120628858544
        ],
        [
          0.8108877349331762,
          0.04812009755490548,
          -0.5832199306124211,
          -2.5627293370665662
        ],
        [
          -0.04950781492781561,
          0.9986816085739935,
          0.013565029997428937,
          0.21882492206738882
        ],
        [
          0.0,
          0.0,
          0.0,
          1.0
        ]
      ]
    },
    {
      "file_path": "./images/0129.jpg",
      "sharpness": 315.41987060206736,
      "transform_matrix": [
        [
          0.8038864796504985,
          0.12064518499803753,
          0.5824187539563697,
          2.0957912246281634
        ],
        [
          0.5413241673764311,
          0.2573270144580047,
          -0.8004694374283249,
          -3.7520352153948417
        ],
        [
          -0.2464448414656023,
          0.958763607011735,
          0.14155337037848367,
          0.6423921230569372
        ],
        [
          0.0,
          0.0,
          0.0,
          1.0
        ]
      ]
    },
    {
      "file_path": "./images/0002.jpg",
      "sharpness": 459.8327078259212,
      "transform_matrix": [
        [
          0.6403055846994843,
          0.05223214188164543,
          0.7663424591577037,
          3.6722873266110527
        ],
        [
          0.7620051992597998,
          0.08244758909199654,
          -0.6423010668883038,
          -2.893653915948286
        ],
        [
          -0.09673181005296519,
          0.9952257272604056,
          0.01299040301323845,
          0.24403089009504483
        ],
        [
          0.0,
          0.0,
          0.0,
          1.0
        ]
      ]
    },
    {
      "file_path": "./images/0004.jpg",
      "sharpness": 433.15120556572816,
      "transform_matrix": [
        [
          0.5103905355508374,
          -0.013314260738383703,
          0.8598395955304855,
          3.8731816520448326
        ],
        [
          0.8599424918982496,
          0.008552065873894177,
          -0.5103191978642592,
          -2.264732660387723
        ],
        [
          -0.0005589049325574746,
          0.9998747776338526,
          0.015814428391568103,
          0.19791148841469555
        ],
        [
          0.0,
          0.0,
          0.0,
          1.0
        ]
      ]
    },
    {
      "file_path": "./images/0005.jpg",
      "sharpness": 356.08900820775796,
      "transform_matrix": [
        [
          0.4405958363430727,
          -0.036026441087588595,
          0.8969824164458837,
          3.935977670517003
        ],
        [
          0.8968198759273804,
          -0.02671092954977347,
          -0.4415888118061191,
          -1.8988556933610894
        ],
        [
          0.03986812060741966,
          0.9989938099928637,
          0.02054048790547773,
          0.24790390779714913
        ],
        [
          0.0,
          0.0,
          0.0,
          1.0
        ]
      ]
    },
    {
      "file_path": "./images/0006.jpg",
      "sharpness": 459.1824000799815,
      "transform_matrix": [
        [
          0.3512636854354575,
          -0.056905426065496846,
          0.9345456504954002,
          4.0192970203651255
        ],
        [
          0.9325924606512455,
          -0.06719487592191302,
          -0.3546211131745843,
          -1.58397250444322
        ],
        [
          0.08297653717558542,
          0.9961157643189551,
          0.029466457369830362,
          0.28750300991636146
        ],
        [
          0.0,
          0.0,
          0.0,
          1.0
        ]
      ]
    },
    {
      "file_path": "./images/0007.jpg",
      "sharpness": 406.58593528187004,
      "transform_matrix": [
        [
          0.24591076298728387,
          -0.07702942230298157,
          0.9662268777700751,
          4.1525664725027935
        ],
        [
          0.9602441505405,
          -0.11652763542031414,
          -0.25367792454618093,
          -1.130173589147776
        ],
        [
          0.132132803490828,
          0.9901958308509111,
          0.04531165112239399,
          0.315323567361061
        ],
        [
          0.0,
          0.0,
          0.0,
          1.0
        ]
      ]
    },
    {
      "file_path": "./images/0011.jpg",
      "sharpness": 371.1140455528247,
      "transform_matrix": [
        [
          -0.14233598585887586,
          -0.12026322853085558,
          0.9824852477425253,
          4.0226681673086215
        ],
        [
          0.9484384507790371,
          -0.30056920051844616,
          0.10061168873318047,
          0.2950077084331071
        ],
        [
          0.2832049117677683,
          0.9461474156559656,
          0.15684405622771025,
          0.6435796207193587
        ],
        [
          0.0,
          0.0,
          0.0,
          1.0
        ]
      ]
    },
    {
      "file_path": "./images/0012.jpg",
      "sharpness": 327.2032757948876,
      "transform_matrix": [
        [
          -0.23612572947980892,
          -0.10079542780081616,
          0.9664806542610602,
          4.015740727526377
        ],
        [
          0.9188279353150425,
          -0.34683402209999303,
          0.18831171690582843,
          0.59019198240333
        ],
        [
          0.3162274228588553,
          0.932494725170889,
          0.17451013503471885,
          0.732748083146166
        ],
        [
          0.0,
          0.0,
          0.0,
          1.0
        ]
      ]
    },
    {
      "file_path": "./images/0009.jpg",
      "sharpness": 296.2648870591482,
      "transform_matrix": [
        [
          0.06198031757012401,
          -0.11313844934044148,
          0.9916441542758411,
          4.113240301220341
        ],
        [
          0.9750188981785561,
          -0.20546912867403813,
          -0.08438353368851907,
          -0.3674775037177799
        ],
        [
          0.21329928433433015,
          0.9721019101575341,
          0.09757708667096529,
          0.4346626947320609
        ],
        [
          0.0,
          0.0,
          0.0,
          1.0
        ]
      ]
    },
    {
      "file_path": "./images/0015.jpg",
      "sharpness": 428.6731655089581,
      "transform_matrix": [
        [
          -0.40041634272402404,
          -0.0560068944426895,
          0.9146200754011279,
          3.90170246037568
        ],
        [
          0.8417963240741995,
          -0.4167995057724794,
          0.3430116668770223,
          1.0058233364534697
        ],
        [
          0.36200218961488445,
          0.9072713832572329,
          0.21403979031086726,
          0.8854015515735433
        ],
        [
          0.0,
          0.0,
          0.0,
          1.0
        ]
      ]
    },
    {
      "file_path": "./images/0030.jpg",
      "sharpness": 251.23036999310992,
      "transform_matrix": [
        [
          0.9030959463004551,
          0.011022913488786326,
          0.42929665791948474,
          1.1657601679533056
        ],
        [
          0.41072603281341874,
          0.269705914223994,
          -0.8709547752199798,
          -3.721508474987008
        ],
        [
          -0.12538425763891783,
          0.9628795885875998,
          0.23904317217806514,
          1.091194465286849
        ],
        [
          0.0,
          0.0,
          0.0,
          1.0
        ]
      ]
    },
    {
      "file_path": "./images/0036.jpg",
      "sharpness": 267.31296115120665,
      "transform_matrix": [
        [
          0.9755958825134492,
          0.19162339454727784,
          0.10721116710304683,
          0.4893707606791766
        ],
        [
          0.01918635335993646,
          0.41200230991468423,
          -0.9109814413415322,
          -3.89378112125896
        ],
        [
          -0.2187367259230277,
          0.8908057316117998,
          0.3982706662717756,
          1.3969416774008059
        ],
        [
          0.0,
          0.0,
          0.0,
          1.0
        ]
      ]
    },
    {
      "file_path": "./images/0027.jpg",
      "sharpness": 274.05260942473126,
      "transform_matrix": [
        [
          0.7423140554402389,
          -0.05291913637406839,
          0.6679591392452888,
          2.28005013256546
        ],
        [
          0.6691520761396372,
          0.11019963171687705,
          -0.7349092078494108,
          -3.055277978191874
        ],
        [
          -0.03471809055747596,
          0.9924996759058132,
          0.11721368421849301,
          0.7073668731459152
        ],
        [
          0.0,
          0.0,
          0.0,
          1.0
        ]
      ]
    },
    {
      "file_path": "./images/0056.jpg",
      "sharpness": 81.94868714800111,
      "transform_matrix": [
        [
          -0.28214418527381085,
          -0.08129500828097386,
          0.9559213295810572,
          4.141305988959348
        ],
        [
          0.8780794221601234,
          -0.42328588772028053,
          0.22317104895769946,
          0.5709404759909679
        ],
        [
          0.3864853454690448,
          0.9023414302567793,
          0.1908112758727385,
          0.6691928881014697
        ],
        [
          0.0,
          0.0,
          0.0,
          1.0
        ]
      ]
    },
    {
      "file_path": "./images/0052.jpg",
      "sharpness": 304.0407977746986,
      "transform_matrix": [
        [
          -0.4169004953537394,
          -0.2050633378707381,
          0.8855183609832135,
          3.7862231446580847
        ],
        [
          0.8609522516472932,
          -0.40148694965382564,
          0.3123607049801097,
          1.2670826661605714
        ],
        [
          0.2914703033540275,
          0.8926125617654392,
          0.3439299688317777,
          0.9299994537631663
        ],
        [
          0.0,
          0.0,
          0.0,
          1.0
        ]
      ]
    },
    {
      "file_path": "./images/0059.jpg",
      "sharpness": 211.48795910616153,
      "transform_matrix": [
        [
          -0.08462029274769703,
          -0.026192750441981664,
          0.9960689633332982,
          3.456643992552359
        ],
        [
          0.9372667920958598,
          -0.34137940224644314,
          0.07064783357128984,
          0.1074958967349014
        ],
        [
          0.3381869475817898,
          0.9395605797140253,
          0.05343719190896502,
          0.3946068118283953
        ],
        [
          0.0,
          0.0,
          0.0,
          1.0
        ]
      ]
    },
    {
      "file_path": "./images/0050.jpg",
      "sharpness": 316.0448521146374,
      "transform_matrix": [
        [
          -0.08360095490354782,
          -0.24910660313220642,
          0.9648610313699987,
          3.9354011537656772
        ],
        [
          0.9741789597714509,
          -0.22421422012505915,
          0.02652097313676377,
          0.4081941978596549
        ],
        [
          0.2097290231167489,
          0.9421644736999895,
          0.2614189214939728,
          0.6521613213025816
        ],
        [
          0.0,
          0.0,
          0.0,
          1.0
        ]
      ]
    },
    {
      "file_path": "./images/0058.jpg",
      "sharpness": 240.5520557167794,
      "transform_matrix": [
        [
          -0.1121326205451352,
          -0.016533791984273204,
          0.993555678608533,
          4.019113492916379
        ],
        [
          0.9279728700783799,
          -0.35932502748684986,
          0.09875141648498353,
          0.1356505677390306
        ],
        [
          0.35537669804509275,
          0.9330659856314371,
          0.05563498624991857,
          0.3958871196284925
        ],
        [
          0.0,
          0.0,
          0.0,
          1.0
        ]
      ]
    },
    {
      "file_path": "./images/0055.jpg",
      "sharpness": 280.2979180318468,
      "transform_matrix": [
        [
          -0.3960182130637505,
          -0.1237275313612333,
          0.9098686059578116,
          3.944122291203155
        ],
        [
          0.8396577870208719,
          -0.44987343049052225,
          0.30428352596339925,
          1.0218779077430107
        ],
        [
          0.37167746023005493,
          0.8844802474713759,
          0.28204698352174823,
          0.8591194734910337
        ],
        [
          0.0,
          0.0,
          0.0,
          1.0
        ]
      ]
    },
    {
      "file_path": "./images/0057.jpg",
      "sharpness": 318.3162837913936,
      "transform_matrix": [
        [
          -0.17795026376269596,
          -0.041288040642413086,
          0.983172957992037,
          4.207777038054481
        ],
        [
          0.9094669731537056,
          -0.38842977405517554,
          0.14829778933589344,
          0.25441417453377635
        ],
        [
          0.37577070113248,
          0.9205529130163926,
          0.10667123509887103,
          0.4738686396196382
        ],
        [
          0.0,
          0.0,
          0.0,
          1.0
        ]
      ]
    },
    {
      "file_path": "./images/0060.jpg",
      "sharpness": 180.7416470315615,
      "transform_matrix": [
        [
          -0.07914262366881863,
          -0.05048413286501707,
          0.9955841344093987,
          2.9422752222054194
        ],
        [
          0.9419518911742374,
          -0.3306806556780461,
          0.05811103596265517,
          0.06462515621415887
        ],
        [
          0.32628674381674977,
          0.9423914385522789,
          0.07372458433144026,
          0.42506303197130757
        ],
        [
          0.0,
          0.0,
          0.0,
          1.0
        ]
      ]
    },
    {
      "file_path": "./images/0053.jpg",
      "sharpness": 363.8078943650562,
      "transform_matrix": [
        [
          -0.4826659496295258,
          -0.17510708879676257,
          0.8581207904506157,
          3.6979418875711625
        ],
        [
          0.817972755137852,
          -0.4402744242465534,
          0.3702421020244484,
          1.449733462095085
        ],
        [
          0.3129766424282119,
          0.8806225071842848,
          0.3557381967626694,
          1.0154568297959858
        ],
        [
          0.0,
          0.0,
          0.0,
          1.0
        ]
      ]
    },
    {
      "file_path": "./images/0049.jpg",
      "sharpness": 336.4479009458174,
      "transform_matrix": [
        [
          0.07721410536992643,
          -0.2301092813386358,
          0.9700967506033618,
          4.06410874472942
        ],
        [
          0.985215034908764,
          -0.1316422584940665,
          -0.1096432932814206,
          -0.05055818992232748
        ],
        [
          0.15293566837147454,
          0.9642199117081611,
          0.21654248378893906,
          0.5234481755972626
        ],
        [
          0.0,
          0.0,
          0.0,
          1.0
        ]
      ]
    },
    {
      "file_path": "./images/0008.jpg",
      "sharpness": 318.3927397342152,
      "transform_matrix": [
        [
          0.15113126959166606,
          -0.09489033976108503,
          0.9839487598231804,
          4.212027904619635
        ],
        [
          0.9720371875019163,
          -0.1667135441855419,
          -0.1653792608110334,
          -0.7265274325276457
        ],
        [
          0.17973047908432627,
          0.9814287628948358,
          0.0670413092964105,
          0.3542361514866065
        ],
        [
          0.0,
          0.0,
          0.0,
          1.0
        ]
      ]
    },
    {
      "file_path": "./images/0045.jpg",
      "sharpness": 346.3176793566623,
      "transform_matrix": [
        [
          0.6150330151773029,
          -0.06673045050634333,
          0.7856725259166486,
          3.688014397294067
        ],
        [
          0.7811306968216848,
          0.1874842876745747,
          -0.5955538077853123,
          -1.8151334810616413
        ],
        [
          -0.10755967542070599,
          0.9799982892160926,
          0.1674342998663211,
          0.33323585640697484
        ],
        [
          0.0,
          0.0,
          0.0,
          1.0
        ]
      ]
    },
    {
      "file_path": "./images/0051.jpg",
      "sharpness": 269.00789061669246,
      "transform_matrix": [
        [
          -0.27017275348908004,
          -0.23826204777228957,
          0.9328654382452778,
          3.905096528146387
        ],
        [
          0.9273400439054035,
          -0.3249662194361393,
          0.18557328336702766,
          0.8830176355938076
        ],
        [
          0.25893469336552766,
          0.9152202838152336,
          0.3087469337127322,
          0.7966864776277474
        ],
        [
          0.0,
          0.0,
          0.0,
          1.0
        ]
      ]
    },
    {
      "file_path": "./images/0010.jpg",
      "sharpness": 343.6370547637832,
      "transform_matrix": [
        [
          -0.032666546539326824,
          -0.12366413885460205,
          0.9917863041706604,
          4.046353315279578
        ],
        [
          0.9687493256646911,
          -0.24803986972255093,
          0.0009801087128071817,
          -0.029281518247591176
        ],
        [
          0.24588134284261431,
          0.9608243337871182,
          0.1279021606257953,
          0.5525974803634732
        ],
        [
          0.0,
          0.0,
          0.0,
          1.0
        ]
      ]
    },
    {
      "file_path": "./images/0041.jpg",
      "sharpness": 302.1274991861227,
      "transform_matrix": [
        [
          0.8889740293362072,
          0.10097255720787092,
          0.4466874550926271,
          2.214552873974734
        ],
        [
          0.4000550921617512,
          0.30350933861225127,
          -0.8647762518702437,
          -3.1269085701604804
        ],
        [
          -0.22289248263469175,
          0.9474632524362988,
          0.22941735196904928,
          0.7547470066934703
        ],
        [
          0.0,
          0.0,
          0.0,
          1.0
        ]
      ]
    },
    {
      "file_path": "./images/0048.jpg",
      "sharpness": 369.66627060656947,
      "transform_matrix": [
        [
          0.2241361387214338,
          -0.20151410606203082,
          0.9534962283548363,
          4.030570398336187
        ],
        [
          0.9706431390813559,
          -0.04144677581347361,
          -0.23692628102700153,
          -0.4763143102771921
        ],
        [
          0.08726333172688258,
          0.9786083130796128,
          0.18630856353362044,
          0.4694141501671387
        ],
        [
          0.0,
          0.0,
          0.0,
          1.0
        ]
      ]
    },
    {
      "file_path": "./images/0047.jpg",
      "sharpness": 365.9650638445807,
      "transform_matrix": [
        [
          0.36809341318385963,
          -0.16379581006656502,
          0.9152476242878256,
          3.8520403245345998
        ],
        [
          0.9296918394969973,
          0.05061963226029885,
          -0.36484351188336694,
          -0.9335108844878837
        ],
        [
          0.013430334726065599,
          0.9851947032719551,
          0.17091235442150252,
          0.42024103600648305
        ],
        [
          0.0,
          0.0,
          0.0,
          1.0
        ]
      ]
    },
    {
      "file_path": "./images/0046.jpg",
      "sharpness": 224.1193823848194,
      "transform_matrix": [
        [
          0.5054991395370004,
          -0.11962356205117909,
          0.8544945386611486,
          3.782192234243541
        ],
        [
          0.8613302593716131,
          0.12827225578522683,
          -0.49158572333015726,
          -1.3561360342538764
        ],
        [
          -0.050802713625636556,
          0.9844980786311519,
          0.16787685234332012,
          0.3498615810836135
        ],
        [
          0.0,
          0.0,
          0.0,
          1.0
        ]
      ]
    },
    {
      "file_path": "./images/0042.jpg",
      "sharpness": 280.15948133678654,
      "transform_matrix": [
        [
          0.8525744851747884,
          0.07559397368603558,
          0.517109281165624,
          2.6330301492079307
        ],
        [
          0.47853830392183627,
          0.2847611583389954,
          -0.8306093278279862,
          -2.9559090185554533
        ],
        [
          -0.21004169215130244,
          0.9556131823881558,
          0.20660563567239956,
          0.6137367621969427
        ],
        [
          0.0,
          0.0,
          0.0,
          1.0
        ]
      ]
    },
    {
      "file_path": "./images/0039.jpg",
      "sharpness": 216.58769963408582,
      "transform_matrix": [
        [
          0.9461563612950115,
          0.1659072811495551,
          0.27796436796160434,
          1.4318000086457237
        ],
        [
          0.20537631042254634,
          0.35608076537720024,
          -0.9116076297493972,
          -3.4845729253637994
        ],
        [
          -0.25022017907917027,
          0.9196094824103925,
          0.302834008823303,
          1.036965342918521
        ],
        [
          0.0,
          0.0,
          0.0,
          1.0
        ]
      ]
    },
    {
      "file_path": "./images/0040.jpg",
      "sharpness": 320.89371869382046,
      "transform_matrix": [
        [
          0.9251215241678664,
          0.1365410812618858,
          0.3542682070202877,
          1.725951192267254
        ],
        [
          0.2949260951030655,
          0.32917704802986025,
          -0.8970285727188786,
          -3.264939522155014
        ],
        [
          -0.23909818409729938,
          0.9343440545434109,
          0.26425961550457794,
          0.9294290010390942
        ],
        [
          0.0,
          0.0,
          0.0,
          1.0
        ]
      ]
    },
    {
      "file_path": "./images/0038.jpg",
      "sharpness": 168.35833574082992,
      "transform_matrix": [
        [
          0.9569422158674868,
          0.1773675781138837,
          0.22978756478812337,
          1.1641529945336708
        ],
        [
          0.14724273434684354,
          0.3856157243033326,
          -0.9108348236805517,
          -3.629568159801935
        ],
        [
          -0.250162263970522,
          0.9054508556028704,
          0.34289588510296853,
          1.1260873178274753
        ],
        [
          0.0,
          0.0,
          0.0,
          1.0
        ]
      ]
    },
    {
      "file_path": "./images/0043.jpg",
      "sharpness": 359.7781899712458,
      "transform_matrix": [
        [
          0.8005138256253473,
          0.0460432424420202,
          0.5975432679018319,
          2.98536523745168
        ],
        [
          0.5672827098725491,
          0.2633829597906319,
          -0.7802692488961013,
          -2.5808344422170966
        ],
        [
          -0.19330884365464973,
          0.9635919938265306,
          0.18472199386107094,
          0.49633130427998073
        ],
        [
          0.0,
          0.0,
          0.0,
          1.0
        ]
      ]
    },
    {
      "file_path": "./images/0044.jpg",
      "sharpness": 360.9160231498141,
      "transform_matrix": [
        [
          0.721965184758271,
          -0.0025964921829096377,
          0.6919248819124912,
          3.360999397382633
        ],
        [
          0.6737700351217702,
          0.23023575701658822,
          -0.7021581098576188,
          -2.229610358493404
        ],
        [
          -0.15748270622685046,
          0.9731314995116084,
          0.16797135697750043,
          0.4114819661934159
        ],
        [
          0.0,
          0.0,
          0.0,
          1.0
        ]
      ]
    },
    {
      "file_path": "./images/0037.jpg",
      "sharpness": 299.34368261210005,
      "transform_matrix": [
        [
          0.9663770232768036,
          0.1863196418491562,
          0.1772002851519608,
          0.7914402167561961
        ],
        [
          0.08945739694801165,
          0.40247347435554437,
          -0.9110498990597549,
          -3.76341685732303
        ],
        [
          -0.2410648580944722,
          0.896270025107332,
          0.37227370273640503,
          1.256898843438192
        ],
        [
          0.0,
          0.0,
          0.0,
          1.0
        ]
      ]
    },
    {
      "file_path": "./images/0035.jpg",
      "sharpness": 181.06375714727216,
      "transform_matrix": [
        [
          0.9783715006596725,
          0.18407274534457735,
          0.0943751939253509,
          0.3529744468913926
        ],
        [
          0.008748282748990185,
          0.4190082041906509,
          -0.9079404526422625,
          -3.9128607400015634
        ],
        [
          -0.20667110234915428,
          0.8891284565668635,
          0.40833524447304104,
          1.4374048821662309
        ],
        [
          0.0,
          0.0,
          0.0,
          1.0
        ]
      ]
    },
    {
      "file_path": "./images/0034.jpg",
      "sharpness": 315.111859047402,
      "transform_matrix": [
        [
          0.9776979083395377,
          0.1637446583357582,
          0.1315140248809648,
          0.36684825512864727
        ],
        [
          0.052119387093650923,
          0.41744093692733597,
          -0.9072090430757647,
          -3.8534095781815756
        ],
        [
          -0.20345015412514056,
          0.8938294727590138,
          0.39959614529669557,
          1.443034549187165
        ],
        [
          0.0,
          0.0,
          0.0,
          1.0
        ]
      ]
    },
    {
      "file_path": "./images/0026.jpg",
      "sharpness": 366.5883874095587,
      "transform_matrix": [
        [
          0.683297950684008,
          -0.058780090100327004,
          0.7277697881530154,
          2.7301412334797317
        ],
        [
          0.7300816139386983,
          0.06757615103441872,
          -0.6800105537442083,
          -2.8600134414633875
        ],
        [
          -0.00920879760465497,
          0.9959811098445412,
          0.08908889072976309,
          0.5883279777480189
        ],
        [
          0.0,
          0.0,
          0.0,
          1.0
        ]
      ]
    },
    {
      "file_path": "./images/0033.jpg",
      "sharpness": 278.5413042008718,
      "transform_matrix": [
        [
          0.9713950487435602,
          0.13225670556749725,
          0.19722798758829774,
          0.44162818709126994
        ],
        [
          0.12978305684469635,
          0.39985175194822087,
          -0.9073444149915688,
          -3.75073647340647
        ],
        [
          -0.19886422641137697,
          0.9069875961549968,
          0.3712497947946847,
          1.4312922337293368
        ],
        [
          0.0,
          0.0,
          0.0,
          1.0
        ]
      ]
    },
    {
      "file_path": "./images/0031.jpg",
      "sharpness": 298.9890590459081,
      "transform_matrix": [
        [
          0.9330163780730236,
          0.046760178782496616,
          0.35678314480149537,
          0.8567404423733423
        ],
        [
          0.3246406096692332,
          0.31828536269613394,
          -0.8906757068526935,
          -3.6782612844876708
        ],
        [
          -0.15520703615633188,
          0.9468410511917206,
          0.2817850723443695,
          1.25507971798849
        ],
        [
          0.0,
          0.0,
          0.0,
          1.0
        ]
      ]
    },
    {
      "file_path": "./images/0032.jpg",
      "sharpness": 203.99770257350661,
      "transform_matrix": [
        [
          0.957638167038262,
          0.08821616253048012,
          0.27412925553317746,
          0.6308657616558473
        ],
        [
          0.22488586751691952,
          0.36550603772013435,
          -0.9032338912199747,
          -3.668655932276767
        ],
        [
