{
  "camera_angle_x": 1.0517136333557286,
  "camera_angle_y": 0.813319489423032,
  "fl_x": 551.3772209830165,
  "fl_y": 557.2767886867299,
  "k1": 0.09087205463278224,
  "k2": -0.21263375278044155,
  "k3": 0,
  "k4": 0,
  "p1": -0.0005734990650331475,
  "p2": -0.002528335907182883,
  "is_fisheye": false,
  "cx": 314.8589021487894,
  "cy": 235.91683980661958,
  "w": 640.0,
  "h": 480.0,
  "aabb_scale": 32,
  "frames": [
    {
      "file_path": "./images/6.png",
      "sharpness": 67.43479108572004,
      "transform_matrix": [
        [
          0.6361165004821611,
          0.05613938180364561,
          0.7695480281148338,
          3.172113234814516
        ],
        [
          0.7696364937544218,
          0.024814996768518643,
          -0.6379999086337749,
          -2.4929474212625564
        ],
        [
          -0.05491325229237197,
          0.9981145153219855,
          -0.027421688069032307,
          -0.17886932832041655
        ],
        [
          0.0,
          0.0,
          0.0,
          1.0
        ]
      ]
    },
    {
      "file_path": "./images/11.png",
      "sharpness": 73.2055298245642,
      "transform_matrix": [
        [
          0.2751725809107644,
          -0.28846103289565217,
          0.9170988404561846,
          3.7551292454243894
        ],
        [
          0.9572512472699918,
          -0.006262467172304009,
          -0.28918995678427,
          -0.48844908704549683
        ],
        [
          0.08916333501915448,
          0.9574711556783458,
          0.2744064242734813,
          1.1075253019569042
        ],
        [
          0.0,
          0.0,
          0.0,
          1.0
        ]
      ]
    },
    {
      "file_path": "./images/7.png",
      "sharpness": 75.2756258315934,
      "transform_matrix": [
        [
          0.533875788823532,
          -0.06577837885808951,
          0.8430005023327385,
          3.365004519910244
        ],
        [
          0.845244146773098,
          0.06888868158595715,
          -0.5299213921848159,
          -1.994083293330071
        ],
        [
          -0.023215823081862832,
          0.9954534415906613,
          0.09237678893673948,
          0.3310821969054171
        ],
        [
          0.0,
          0.0,
          0.0,
          1.0
        ]
      ]
    },
    {
      "file_path": "./images/0.png",
      "sharpness": 42.604050794972316,
      "transform_matrix": [
        [
          -0.10628441749982964,
          0.24198876247863593,
          0.9644402839892039,
          3.3254815454622455
        ],
        [
          0.9910067740088658,
          -0.05352234411612987,
          0.12264147972355066,
          0.6085291155365856
        ],
        [
          0.08129696466597894,
          0.9688017327940701,
          -0.23412391168274235,
          -0.055238239702243036
        ],
        [
          0.0,
          0.0,
          0.0,
          1.0
        ]
      ]
    },
    {
      "file_path": "./images/10.png",
      "sharpness": 73.2369725083669,
      "transform_matrix": [
        [
          0.22706952973714345,
          -0.3574550112344288,
          0.9059058138453152,
          3.740682363438086
        ],
        [
          0.9738604887876705,
          0.0776776258800352,
          -0.21345241815404153,
          -0.8783301560312811
        ],
        [
          0.0059310236388437285,
          0.9306944188784855,
          0.3657495339400406,
          1.594988728092392
        ],
        [
          0.0,
          0.0,
          0.0,
          1.0
        ]
      ]
    },
    {
      "file_path": "./images/9.png",
      "sharpness": 78.43667428550718,
      "transform_matrix": [
        [
          0.22668547399358296,
          -0.2993333102285931,
          0.9268296851192743,
          3.73530197683991
        ],
        [
          0.9725538491031905,
          0.12082836087897461,
          -0.19884546211014256,
          -0.9766407949365249
        ],
        [
          -0.052466241269574804,
          0.9464671555557591,
          0.31850779728533574,
          1.3165684634934756
        ],
        [
          0.0,
          0.0,
          0.0,
          1.0
        ]
      ]
    },
    {
      "file_path": "./images/13.png",
      "sharpness": 75.44783465571935,
      "transform_matrix": [
        [
          -0.18363440076015974,
          -0.021037918914664194,
          0.9827694606445567,
          3.960701268670768
        ],
        [
          0.9823960893754135,
          -0.03881074327313848,
          0.18273382222896883,
          0.6835258010684746
        ],
        [
          0.034297673898736954,
          0.9990250908384272,
          0.02779455685438237,
          0.12820313493375438
        ],
        [
          0.0,
          0.0,
          0.0,
          1.0
        ]
      ]
    },
    {
      "file_path": "./images/8.png",
      "sharpness": 79.32040462540522,
      "transform_matrix": [
        [
          0.3957501041965773,
          -0.1523603701426052,
          0.9056313668313407,
          3.5465731701251486
        ],
        [
          0.9180712647015329,
          0.09028753794998753,
          -0.3859965199586453,
          -1.5084979532187237
        ],
        [
          -0.022956653746827038,
          0.9841922972933769,
          0.17560898025857516,
          0.8026410420754931
        ],
        [
          0.0,
          0.0,
          0.0,
          1.0
        ]
      ]
    },
    {
      "file_path": "./images/1.png",
      "sharpness": 73.91780212909912,
      "transform_matrix": [
        [
          -0.11731249876233557,
          0.18756080969177452,
          0.9752223952782767,
          3.9295992966502276
        ],
        [
          0.9901408487820537,
          -0.05359807766912623,
          0.1294153995599281,
          0.28271552138476796
        ],
        [
          0.07654330281484101,
          0.9807895741128012,
          -0.17942389488623992,
          -0.9447837685538352
        ],
        [
          0.0,
          0.0,
          0.0,
          1.0
        ]
      ]
    },
    {
      "file_path": "./images/2.png",
      "sharpness": 90.3860446197086,
      "transform_matrix": [
        [
          0.15358460640036986,
          0.18913854512687087,
          0.969865134631888,
          3.6311278017820627
        ],
        [
          0.9878997209821588,
          -0.05083076671864869,
          -0.146527725834034,
          -0.8168155607540808
        ],
        [
          0.021584947522026103,
          0.9806338989921275,
          -0.19465673925731986,
          -0.9861747542330475
        ],
        [
          0.0,
          0.0,
          0.0,
          1.0
        ]
      ]
    },
    {
      "file_path": "./images/3.png",
      "sharpness": 85.71821596120198,
      "transform_matrix": [
        [
          0.3592280344962254,
          0.18816069786675427,
          0.9140846629063802,
          3.4261046596488174
        ],
        [
          0.9328611827532338,
          -0.04413323825381673,
          -0.3575224062816159,
          -1.7170205373947165
        ],
        [
          -0.026930149256743023,
          0.9811461710723426,
          -0.1913817075935264,
          -0.992066044879637
        ],
        [
          0.0,
          0.0,
          0.0,
          1.0
        ]
      ]
    },
    {
      "file_path": "./images/14.png",
      "sharpness": 75.50576322249306,
      "transform_matrix": [
        [
          -0.29223973608021186,
          0.0996621133533082,
          0.9511379499147936,
          4.000614938742402
        ],
        [
          0.9533543886147223,
          -0.0482334428435991,
          0.2979747383595286,
          1.2012562246188443
        ],
        [
          0.07557345009440289,
          0.993851597626037,
          -0.08091758453714087,
          -0.37729577335962583
        ],
        [
          0.0,
          0.0,
          0.0,
          1.0
        ]
      ]
    },
    {
      "file_path": "./images/4.png",
      "sharpness": 76.33219272985458,
      "transform_matrix": [
        [
          0.5890126030129528,
          0.18788372356675595,
          0.785979554353033,
          3.151921492269302
        ],
        [
          0.8045403241244434,
          -0.044842611084074446,
          -0.5922026739966859,
          -2.677058796586452
        ],
        [
          -0.07601986802079976,
          0.981167083936394,
          -0.1775728949366333,
          -0.9951293131476915
        ],
        [
          0.0,
          0.0,
          0.0,
          1.0
        ]
      ]
    },
    {
      "file_path": "./images/12.png",
      "sharpness": 75.15165325333278,
      "transform_matrix": [
        [
          -0.053674130879353014,
          -0.13136954668002757,
          0.9898793511483238,
          3.8999637803191156
        ],
        [
          0.9985480848948437,
          -0.011589908829591987,
          0.05260604685859929,
          0.149459478878547
        ],
        [
          0.0045617789036622725,
          0.9912657142102427,
          0.1318008875342446,
          0.6346792686497108
        ],
        [
          0.0,
          0.0,
          0.0,
          1.0
        ]
      ]
    },
    {
      "file_path": "./images/5.png",
      "sharpness": 65.2093379963769,
      "transform_matrix": [
        [
          0.7014686748211532,
          0.1652615332722756,
          0.6932750708164459,
          2.966700129942202
        ],
        [
          0.7062563092887553,
          -0.030673603034262316,
          -0.7072914220225279,
          -2.9693451403477016
        ],
        [
          -0.09562282055799733,
          0.985772669355235,
          -0.1382335722287123,
          -0.6668831178541658
        ],
        [
          0.0,
          0.0,
          0.0,
          1.0
        ]
      ]
    }
  ]
}