{
  "camera_angle_x": 1.069914811475092,
  "camera_angle_y": 0.7333612360861795,
  "fl_x": 539.9971287960764,
  "fl_y": 624.9197445787726,
  "k1": 0.07430852622927173,
  "k2": -0.2185763793255169,
  "k3": 0,
  "k4": 0,
  "p1": 0.0037384302402342037,
  "p2": 0.010785253926074021,
  "is_fisheye": false,
  "cx": 322.32295901655783,
  "cy": 245.16882085482493,
  "w": 640.0,
  "h": 480.0,
  "aabb_scale": 32,
  "frames": [
    {
      "file_path": "./images/1.png",
      "sharpness": 58.58008254749511,
      "transform_matrix": [
        [
          -0.6745532797031694,
          0.15361778154521774,
          0.7220660980523289,
          2.9974876466538025
        ],
        [
          0.7342136564093821,
          0.0377635836575972,
          0.6778674048001061,
          2.531134243111886
        ],
        [
          0.07686468340709249,
          0.9874084711320433,
          -0.13826182228738929,
          -0.6983151955701781
        ],
        [
          0.0,
          0.0,
          0.0,
          1.0
        ]
      ]
    },
    {
      "file_path": "./images/12.png",
      "sharpness": 108.00290563980738,
      "transform_matrix": [
        [
          -0.6342664282642954,
          -0.09820596098212286,
          0.7668518025838653,
          2.9841013585615848
        ],
        [
          0.7730815282462318,
          -0.08973190281083283,
          0.627927652123672,
          2.3709668270366784
        ],
        [
          0.007144832915714022,
          0.9911123926007785,
          0.13283514789613501,
          0.6854787988972091
        ],
        [
          0.0,
          0.0,
          0.0,
          1.0
        ]
      ]
    },
    {
      "file_path": "./images/9.png",
      "sharpness": 120.78612552960713,
      "transform_matrix": [
        [
          -0.4165569698989755,
          -0.29084893371798193,
          0.8613287342852259,
          3.625805517773335
        ],
        [
          0.9077000508243988,
          -0.08032210144974664,
          0.41186038623690197,
          1.6193824539620094
        ],
        [
          -0.05060542020083934,
          0.95339145039948,
          0.2974623231138588,
          1.2736394194839347
        ],
        [
          0.0,
          0.0,
          0.0,
          1.0
        ]
      ]
    },
    {
      "file_path": "./images/11.png",
      "sharpness": 113.69924982638884,
      "transform_matrix": [
        [
          -0.3432502270266176,
          -0.2145166614912602,
          0.9144188774902408,
          3.1683314490227934
        ],
        [
          0.9351232680869087,
          -0.1691486564094435,
          0.3113409795007216,
          1.8324953281233631
        ],
        [
          0.08788489701499205,
          0.9619622310153487,
          0.25865983626658906,
          1.0806620370512063
        ],
        [
          0.0,
          0.0,
          0.0,
          1.0
        ]
      ]
    },
    {
      "file_path": "./images/0.png",
      "sharpness": 34.5301832768652,
      "transform_matrix": [
        [
          -0.7400080216234675,
          0.16916591832890537,
          0.6509769734257516,
          2.4990613468796186
        ],
        [
          0.6667013766273484,
          0.05661035120252844,
          0.7431719468192096,
          3.0050348401956586
        ],
        [
          0.08886732976956127,
          0.9839604464273977,
          -0.15467526462510356,
          -0.326361006062038
        ],
        [
          0.0,
          0.0,
          0.0,
          1.0
        ]
      ]
    },
    {
      "file_path": "./images/10.png",
      "sharpness": 125.74205485737056,
      "transform_matrix": [
        [
          -0.39354118373249064,
          -0.31639556634667415,
          0.8631449369742542,
          3.523551662275029
        ],
        [
          0.9192862486711625,
          -0.1417476068051092,
          0.36717898764533796,
          1.4983581104724697
        ],
        [
          0.006174925395402167,
          0.937977324610213,
          0.3466416142563525,
          1.5427335843109768
        ],
        [
          0.0,
          0.0,
          0.0,
          1.0
        ]
      ]
    },
    {
      "file_path": "./images/7.png",
      "sharpness": 88.6763428578271,
      "transform_matrix": [
        [
          -0.05087859246360016,
          -0.09771360323656092,
          0.9939131855917511,
          3.941088204339954
        ],
        [
          0.9986247205859571,
          0.007628596749906451,
          0.05186975944975661,
          0.3753030104696106
        ],
        [
          -0.01265054399214375,
          0.9951853376004904,
          0.09719108746445004,
          0.422120486435992
        ],
        [
          0.0,
          0.0,
          0.0,
          1.0
        ]
      ]
    },
    {
      "file_path": "./images/6.png",
      "sharpness": 72.36866338296467,
      "transform_matrix": [
        [
          0.07545009347512095,
          0.012291116513878098,
          0.99707382463443,
          4.02651033351375
        ],
        [
          0.9964671802756077,
          0.03605741582048602,
          -0.07584867432630465,
          -0.1413962206657183
        ],
        [
          -0.03688417039213382,
          0.9992741321279697,
          -0.009527158820896164,
          -0.009053106633126088
        ],
        [
          0.0,
          0.0,
          0.0,
          1.0
        ]
      ]
    },
    {
      "file_path": "./images/4.png",
      "sharpness": 104.13273522134358,
      "transform_matrix": [
        [
          0.020222447172594124,
          0.14719744612914834,
          0.9889003814364217,
          4.074878790897131
        ],
        [
          0.9983945507040316,
          0.049370113625661,
          -0.0277653201712742,
          -0.35832876258380647
        ],
        [
          -0.05290910841614534,
          0.9878742347356555,
          -0.14596274357819217,
          -0.7638146705706367
        ],
        [
          0.0,
          0.0,
          0.0,
          1.0
        ]
      ]
    },
    {
      "file_path": "./images/3.png",
      "sharpness": 86.84943729637997,
      "transform_matrix": [
        [
          -0.2514513398927621,
          0.14902336163318683,
          0.9563285320826579,
          3.7609656670830387
        ],
        [
          0.9678382209992042,
          0.046714309269132934,
          0.2471982024241535,
          0.6384982970658285
        ],
        [
          -0.007835919695676812,
          0.9877296244002955,
          -0.15597688086827297,
          -0.7522248866131215
        ],
        [
          0.0,
          0.0,
          0.0,
          1.0
        ]
      ]
    },
    {
      "file_path": "./images/8.png",
      "sharpness": 107.45957310484782,
      "transform_matrix": [
        [
          -0.20033233324263108,
          0.020227366836732374,
          0.9795191727628956,
          3.89769488563737
        ],
        [
          0.9578436041601601,
          0.21417849825648755,
          0.19147637152714042,
          0.599849515117035
        ],
        [
          -0.2059188826283481,
          0.9765850830520558,
          -0.062281532239690435,
          -0.8006525707552444
        ],
        [
          0.0,
          0.0,
          0.0,
          1.0
        ]
      ]
    },
    {
      "file_path": "./images/5.png",
      "sharpness": 67.94111129654777,
      "transform_matrix": [
        [
          0.18005792261897613,
          0.12256788030245094,
          0.9759898868031343,
          4.144315455623406
        ],
        [
          0.9807895496492919,
          0.05332167327051112,
          -0.1876397038409015,
          -0.6617201123841064
        ],
        [
          -0.07504001461979883,
          0.9910266968143422,
          -0.11061230640365322,
          -0.4524097612310605
        ],
        [
          0.0,
          0.0,
          0.0,
          1.0
        ]
      ]
    },
    {
      "file_path": "./images/2.png",
      "sharpness": 83.04272786458333,
      "transform_matrix": [
        [
          -0.4642562451980033,
          0.15292061346498925,
          0.8723998078254228,
          3.39242039351036
        ],
        [
          0.884912820617747,
          0.03854190235868479,
          0.46415926325782403,
          1.5800382450566703
        ],
        [
          0.0373555710719011,
          0.9874866113831244,
          -0.15321473026373095,
          -0.746163593782961
        ],
        [
          0.0,
          0.0,
          0.0,
          1.0
        ]
      ]
    },
    {
      "file_path": "./images/13.png",
      "sharpness": 96.36607915639877,
      "transform_matrix": [
        [
          -0.7297336227113272,
          -0.0012047979303630996,
          0.683730493885011,
          2.729915569117063
        ],
        [
          0.6827497616733333,
          -0.05485450865731749,
          0.7285902454837698,
          2.7936571841783984
        ],
        [
          0.03662789627624577,
          0.9984936310577885,
          0.04085175482437403,
          0.2542035558641748
        ],
        [
          0.0,
          0.0,
          0.0,
          1.0
        ]
      ]
    },
    {
      "file_path": "./images/14.png",
      "sharpness": 98.61217045830621,
      "transform_matrix": [
        [
          -0.7979064721029496,
          0.09187403698890445,
          0.5957385525759421,
          2.4755550190275843
        ],
        [
          0.5979391159886648,
          -0.0043816682853555465,
          0.8015295468994643,
          3.2264597847048844
        ],
        [
          0.07625008396172686,
          0.9957609965404528,
          -0.051438918975962006,
          -0.179857157000786
        ],
        [
          0.0,
          0.0,
          0.0,
          1.0
        ]
      ]
    }
  ]
}