{
  "camera_angle_x": 1.0447470014591522,
  "camera_angle_y": 0.8604493961211608,
  "fl_x": 555.8279465372847,
  "fl_y": 522.9977232606553,
  "k1": 0.1096466896761565,
  "k2": -0.19629683069650875,
  "k3": 0,
  "k4": 0,
  "p1": -0.003152867665224646,
  "p2": 0.0011346403998389058,
  "is_fisheye": false,
  "cx": 318.12235302039244,
  "cy": 238.03849353318034,
  "w": 640.0,
  "h": 480.0,
  "aabb_scale": 32,
  "frames": [
    {
      "file_path": "./images/images/66.png",
      "sharpness": 67.34547782659531,
      "transform_matrix": [
        [
          -0.8521792128765342,
          0.013037544530231725,
          0.5230875754241735,
          2.2357970375323197
        ],
        [
          0.5231864939145925,
          0.03680855304640655,
          0.8514229401466477,
          3.7679483927863178
        ],
        [
          -0.008153632271694196,
          0.9992372855556532,
          -0.038188550974238164,
          -0.11280880787622852
        ],
        [
          0.0,
          0.0,
          0.0,
          1.0
        ]
      ]
    },
    {
      "file_path": "./images/images/68.png",
      "sharpness": 83.90358713861039,
      "transform_matrix": [
        [
          -0.8614995314720645,
          0.009190082463842592,
          0.5076751910888585,
          2.1724320001104025
        ],
        [
          0.5076412697279429,
          0.03706034512868125,
          0.8607710915730854,
          3.8545278135251384
        ],
        [
          -0.010904060480973893,
          0.9992707707086348,
          -0.03659273509540143,
          -0.022238905339224666
        ],
        [
          0.0,
          0.0,
          0.0,
          1.0
        ]
      ]
    },
    {
      "file_path": "./images/images/69.png",
      "sharpness": 76.67467351530921,
      "transform_matrix": [
        [
          -0.8574939729851419,
          -7.421163642638146e-05,
          0.5144940046066403,
          2.1651147649119853
        ],
        [
          0.5142994442879392,
          0.027375358834540602,
          0.8571736529629063,
          3.854125211036357
        ],
        [
          -0.01414807025381458,
          0.9996252218760213,
          -0.023436038205550302,
          -0.07266174246852551
        ],
        [
          0.0,
          0.0,
          0.0,
          1.0
        ]
      ]
    },
    {
      "file_path": "./images/images/70.png",
      "sharpness": 78.84643228450349,
      "transform_matrix": [
        [
          -0.8702416540039616,
          0.003521058741199075,
          0.4926124904741839,
          2.1651463031792146
        ],
        [
          0.4925285444319516,
          0.026013837012436616,
          0.8699074164551129,
          3.8401178464047105
        ],
        [
          -0.009751745924742795,
          0.9996553818284593,
          -0.02437254648535446,
          -0.09036404227817768
        ],
        [
          0.0,
          0.0,
          0.0,
          1.0
        ]
      ]
    },
    {
      "file_path": "./images/images/71.png",
      "sharpness": 73.64033507470026,
      "transform_matrix": [
        [
          -0.8669285900351515,
          0.0002902633954998887,
          0.4984322777632017,
          1.9344197308826614
        ],
        [
          0.4982829165779595,
          0.024990883090328424,
          0.8666542510187691,
          3.833778949898758
        ],
        [
          -0.012204704776401211,
          0.9996876369641158,
          -0.021809944332517206,
          -0.10477056009312699
        ],
        [
          0.0,
          0.0,
          0.0,
          1.0
        ]
      ]
    },
    {
      "file_path": "./images/images/63.png",
      "sharpness": 92.73754507853188,
      "transform_matrix": [
        [
          -0.8493844257133707,
          0.004275990781479888,
          0.5277573431490955,
          2.2666895140197965
        ],
        [
          0.5275520497720305,
          0.03591953548310179,
          0.8487629950415976,
          3.7894204828263685
        ],
        [
          -0.015327495871252407,
          0.9993455372707141,
          -0.03276530171978144,
          -0.09970219948024692
        ],
        [
          0.0,
          0.0,
          0.0,
          1.0
        ]
      ]
    },
    {
      "file_path": "./images/images/65.png",
      "sharpness": 81.69501301875644,
      "transform_matrix": [
        [
          -0.8510546165357161,
          0.0008927165178479329,
          0.5250764160766048,
          2.2744604870637173
        ],
        [
          0.524780299715047,
          0.03506848890900241,
          0.8505150428514482,
          3.794363070998777
        ],
        [
          -0.01765436764612959,
          0.9993845126537807,
          -0.030313679422734847,
          -0.10832755633526847
        ],
        [
          0.0,
          0.0,
          0.0,
          1.0
        ]
      ]
    },
    {
      "file_path": "./images/images/64.png",
      "sharpness": 93.14960590803358,
      "transform_matrix": [
        [
          -0.8517599072000264,
          0.006410828201767742,
          0.5238930823724989,
          2.2686914214260603
        ],
        [
          0.5237747391424803,
          0.034940296008571396,
          0.8511399405215553,
          3.7892590576840894
        ],
        [
          -0.012848467440591566,
          0.9993688393110812,
          -0.03311857315487035,
          -0.09860491505958678
        ],
        [
          0.0,
          0.0,
          0.0,
          1.0
        ]
      ]
    },
    {
      "file_path": "./images/images/62.png",
      "sharpness": 92.26758141571679,
      "transform_matrix": [
        [
          -0.8495725708615673,
          0.006142936680336691,
          0.5274359782551776,
          2.2675969346919485
        ],
        [
          0.5273745555748186,
          0.029087213475275497,
          0.8491348609876301,
          3.7835233425964785
        ],
        [
          -0.010125461209935675,
          0.9995580014839349,
          -0.02795132723310581,
          -0.10606085652341601
        ],
        [
          0.0,
          0.0,
          0.0,
          1.0
        ]
      ]
    },
    {
      "file_path": "./images/images/67.png",
      "sharpness": 64.13721455379063,
      "transform_matrix": [
        [
          -0.8564943060648637,
          -0.007073732227906242,
          0.516107998368775,
          2.1739097670804917
        ],
        [
          0.51585882071903,
          0.02222157423876171,
          0.8563853564399023,
          3.829346912947136
        ],
        [
          -0.017526572896326427,
          0.9997280449902808,
          -0.015383604642127117,
          -0.07446145254272127
        ],
        [
          0.0,
          0.0,
          0.0,
          1.0
        ]
      ]
    },
    {
      "file_path": "./images/images/59.png",
      "sharpness": 77.54205294688545,
      "transform_matrix": [
        [
          -0.832437481168123,
          0.007307296077371281,
          0.5540707927331098,
          2.4087622475123
        ],
        [
          0.5540001963828112,
          0.031677752734488016,
          0.8319136387807783,
          3.830667306662967
        ],
        [
          -0.011472678300226809,
          0.9994714220002014,
          -0.030417992157254808,
          -0.11926986747667338
        ],
        [
          0.0,
          0.0,
          0.0,
          1.0
        ]
      ]
    },
    {
      "file_path": "./images/images/60.png",
      "sharpness": 82.92652936697004,
      "transform_matrix": [
        [
          -0.8412267219456157,
          0.003293050620958131,
          0.540672505396409,
          2.2627094794069844
        ],
        [
          0.5405069921522628,
          0.03060134201578142,
          0.8407828193423807,
          3.7811364868624024
        ],
        [
          -0.013776563870838636,
          0.9995262446148251,
          -0.02752258351721161,
          -0.11398993328776477
        ],
        [
          0.0,
          0.0,
          0.0,
          1.0
        ]
      ]
    },
    {
      "file_path": "./images/images/61.png",
      "sharpness": 90.21161018863252,
      "transform_matrix": [
        [
          -0.8513180671398447,
          0.0006623469612912006,
          0.5246495114332705,
          2.2704322173487146
        ],
        [
          0.5244021533046002,
          0.031803947097618315,
          0.8508765424892651,
          3.771756713880566
        ],
        [
          -0.016122349814063366,
          0.999493907052409,
          -0.02742261094329812,
          -0.11479791591332196
        ],
        [
          0.0,
          0.0,
          0.0,
          1.0
        ]
      ]
    },
    {
      "file_path": "./images/images/4.png",
      "sharpness": 1354.6257059897423,
      "transform_matrix": [
        [
          0.016775992218736317,
          0.021296768857666237,
          0.9996324393049116,
          4.521563146037932
        ],
        [
          0.9997451544479311,
          0.014747447997426855,
          -0.01709207229745783,
          -0.10669425899761144
        ],
        [
          -0.015106033328207624,
          0.9996644238959153,
          -0.021043938397998306,
          -0.06323371570686649
        ],
        [
          0.0,
          0.0,
          0.0,
          1.0
        ]
      ]
    },
    {
      "file_path": "./images/images/58.png",
      "sharpness": 84.27424839337668,
      "transform_matrix": [
        [
          -0.8238052575205511,
          0.0019337017829223757,
          0.5668696132871307,
          2.5597154955695203
        ],
        [
          0.5667522850180177,
          0.023438044996203403,
          0.8235547981000338,
          3.8891562467220573
        ],
        [
          -0.011693806121783959,
          0.9997234211688453,
          -0.020404314597890254,
          -0.1037185583582682
        ],
        [
          0.0,
          0.0,
          0.0,
          1.0
        ]
      ]
    },
    {
      "file_path": "./images/images/57.png",
      "sharpness": 86.79963975693383,
      "transform_matrix": [
        [
          -0.8118668387853215,
          0.0032512236221129767,
          0.5838335941131481,
          2.679819487090392
        ],
        [
          0.5837450848603217,
          0.022800508823786342,
          0.81161678931548,
          3.904171477242469
        ],
        [
          -0.010672955336673791,
          0.999734747986537,
          -0.020408862830654434,
          -0.10027660588848372
        ],
        [
          0.0,
          0.0,
          0.0,
          1.0
        ]
      ]
    },
    {
      "file_path": "./images/images/368.png",
      "sharpness": 579.8434872822655,
      "transform_matrix": [
        [
          -0.46716028489923345,
          0.012272850405697255,
          0.8840874647596662,
          3.652956863663305
        ],
        [
          0.8838470121090439,
          0.03361706035106805,
          0.4665665573519434,
          1.9656987904697558
        ],
        [
          -0.02399432009576691,
          0.9993594300278795,
          -0.026551877652216387,
          -0.08207517713812645
        ],
        [
          0.0,
          0.0,
          0.0,
          1.0
        ]
      ]
    },
    {
      "file_path": "./images/images/56.png",
      "sharpness": 83.2695961750878,
      "transform_matrix": [
        [
          -0.7985013067454751,
          -0.0011182616389796354,
          0.6019920369955596,
          2.7868905753901205
        ],
        [
          0.6018411380152492,
          0.020982976267711603,
          0.7983401275768582,
          3.8960450051534727
        ],
        [
          -0.013524337765156574,
          0.9997792077189964,
          -0.016081918111774653,
          -0.1085426122203767
        ],
        [
          0.0,
          0.0,
          0.0,
          1.0
        ]
      ]
    },
    {
      "file_path": "./images/images/54.png",
      "sharpness": 77.38701749064127,
      "transform_matrix": [
        [
          -0.7659215699350429,
          0.009865371394879863,
          0.6428583227623862,
          2.9919029109930317
        ],
        [
          0.6428571646328018,
          0.027210536774517638,
          0.7655026143447798,
          3.7532262382970427
        ],
        [
          -0.009940552438067955,
          0.9995810427999597,
          -0.027183161728075736,
          -0.11335326401274157
        ],
        [
          0.0,
          0.0,
          0.0,
          1.0
        ]
      ]
    },
    {
      "file_path": "./images/images/55.png",
      "sharpness": 69.60934104817707,
      "transform_matrix": [
        [
          -0.7793221752778452,
          0.003528109976068755,
          0.6266135168902699,
          2.93841058343578
        ],
        [
          0.6264262835529759,
          0.02946986934878853,
          0.7789233839566945,
          3.8197025788587537
        ],
        [
          -0.015718091113410326,
          0.9995594425695429,
          -0.025176623506326656,
          -0.11780799873838475
        ],
        [
          0.0,
          0.0,
          0.0,
          1.0
        ]
      ]
    },
    {
      "file_path": "./images/images/51.png",
      "sharpness": 71.60008007175658,
      "transform_matrix": [
        [
          -0.7236122516440194,
          0.005995924941350594,
          0.6901806706538206,
          3.1119767703693166
        ],
        [
          0.6901060031728626,
          0.023366987641091748,
          0.7233309673125669,
          3.387421829091604
        ],
        [
          -0.011790405013527627,
          0.9997089740329674,
          -0.02104646233770826,
          -0.10988342020144477
        ],
        [
          0.0,
          0.0,
          0.0,
          1.0
        ]
      ]
    },
    {
      "file_path": "./images/images/53.png",
      "sharpness": 75.98630244317584,
      "transform_matrix": [
        [
          -0.7496663813309123,
          0.005504976616365662,
          0.6617930280110665,
          3.025234193037847
        ],
        [
          0.6616089324947863,
          0.03124143485976971,
          0.7491979666222995,
          3.653409570616991
        ],
        [
          -0.016551046487973085,
          0.9994967073331108,
          -0.027062795121471375,
          -0.10483989542162181
        ],
        [
          0.0,
          0.0,
          0.0,
          1.0
        ]
      ]
    },
    {
      "file_path": "./images/images/52.png",
      "sharpness": 77.16530745506284,
      "transform_matrix": [
        [
          -0.7372579878193952,
          0.0030380558325894536,
          0.6756044919941272,
          3.063666448113112
        ],
        [
          0.6753783307086251,
          0.029574152293231487,
          0.7368781988397701,
          3.5174445716302136
        ],
        [
          -0.017741753026332477,
          0.9995579721668314,
          -0.023855617087986003,
          -0.1069545745747262
        ],
        [
          0.0,
          0.0,
          0.0,
          1.0
        ]
      ]
    },
    {
      "file_path": "./images/images/367.png",
      "sharpness": 576.0485382583512,
      "transform_matrix": [
        [
          -0.4678313286291913,
          0.013929363794553229,
          0.8837079951922537,
          3.6588086515928055
        ],
        [
          0.8834980092087135,
          0.03426435332707863,
          0.4671800742918011,
          1.9619003679148317
        ],
        [
          -0.02377216177285482,
          0.9993157293391974,
          -0.028336503123658884,
          -0.08321848007812332
        ],
        [
          0.0,
          0.0,
          0.0,
          1.0
        ]
      ]
    },
    {
      "file_path": "./images/images/50.png",
      "sharpness": 73.80405429072911,
      "transform_matrix": [
        [
          -0.7035144448219139,
          0.014259419552878398,
          0.7105378912277074,
          3.1281005400019044
        ],
        [
          0.7105932887355805,
          0.02981764959227221,
          0.7029708996656407,
          3.2514430035910524
        ],
        [
          -0.011162612870863092,
          0.9994536391029754,
          -0.031109795034341997,
          -0.08255742879252487
        ],
        [
          0.0,
          0.0,
          0.0,
          1.0
        ]
      ]
    },
    {
      "file_path": "./images/images/47.png",
      "sharpness": 72.78007869449195,
      "transform_matrix": [
        [
          -0.6501403962501179,
          0.009454872642083813,
          0.7597552701603654,
          3.2952200790434736
        ],
        [
          0.7597012744018651,
          0.025320053120333703,
          0.6497790921398917,
          2.9391162500860015
        ],
        [
          -0.013093465237242457,
          0.9996346834132338,
          -0.02364446816422614,
          -0.1312344627495032
        ],
        [
          0.0,
          0.0,
          0.0,
          1.0
        ]
      ]
    },
    {
      "file_path": "./images/images/46.png",
      "sharpness": 71.75363973819942,
      "transform_matrix": [
        [
          -0.6284997601429603,
          0.00932280890362984,
          0.7777539049878025,
          3.3600443911668676
        ],
        [
          0.7776950658486511,
          0.024704697413672327,
          0.6281560813049072,
          2.8535060810012847
        ],
        [
          -0.013357995777367144,
          0.9996513207860107,
          -0.022777198883100216,
          -0.10824494025171288
        ],
        [
          0.0,
          0.0,
          0.0,
          1.0
        ]
      ]
    },
    {
      "file_path": "./images/images/366.png",
      "sharpness": 581.7606899759504,
      "transform_matrix": [
        [
          -0.4651528530339471,
          0.015128878272616185,
          0.8851010904670603,
          3.654365771156285
        ],
        [
          0.884857045843357,
          0.03698152144642298,
          0.4643924800132435,
          1.9659681772531021
        ],
        [
          -0.02570664765852129,
          0.9992014231890877,
          -0.030588954745570596,
          -0.07945225019418214
        ],
        [
          0.0,
          0.0,
          0.0,
          1.0
        ]
      ]
    },
    {
      "file_path": "./images/images/49.png",
      "sharpness": 72.43831998264525,
      "transform_matrix": [
        [
          -0.6842916972370617,
          0.010801855000989881,
          0.7291283789637784,
          3.1854624583121987
        ],
        [
          0.7291092312986956,
          0.02662386978405899,
          0.6838793010412895,
          3.1168066160159413
        ],
        [
          -0.012025053969367372,
          0.999587159519184,
          -0.02609422523792392,
          -0.1075306147731951
        ],
        [
          0.0,
          0.0,
          0.0,
          1.0
        ]
      ]
    },
    {
      "file_path": "./images/images/48.png",
      "sharpness": 72.0759368794335,
      "transform_matrix": [
        [
          -0.6626475651118717,
          0.005367796308037444,
          0.7489121385072424,
          3.2361008629784345
        ],
        [
          0.7487229139492402,
          0.028340070968644347,
          0.6622770104003513,
          3.0309303880400473
        ],
        [
          -0.017669255063249435,
          0.9995839270064619,
          -0.02279847111570954,
          -0.14598938280791013
        ],
        [
          0.0,
          0.0,
          0.0,
          1.0
        ]
      ]
    },
    {
      "file_path": "./images/images/364.png",
      "sharpness": 408.6951290821924,
      "transform_matrix": [
        [
          -0.4606132453379455,
          0.007761552872070018,
          0.8875670095861199,
          3.6634755905295884
        ],
        [
          0.8872761560582694,
          0.0310752850655798,
          0.4601905578654677,
          1.97197366494841
        ],
        [
          -0.024009604491592677,
          0.9994869108419985,
          -0.021200328701231747,
          -0.09280862588275951
        ],
        [
          0.0,
          0.0,
          0.0,
          1.0
        ]
      ]
    },
    {
      "file_path": "./images/images/362.png",
      "sharpness": 240.8576540908708,
      "transform_matrix": [
        [
          -0.460652587335986,
          0.03167928554542021,
          0.8870150036145845,
          3.669125680823562
        ],
        [
          0.8874849947272793,
          0.03110195027371596,
          0.4597858771461649,
          1.9795387418234522
        ],
        [
          -0.01302220844259596,
          0.999014059733834,
          -0.042442084430023605,
          -0.042560177485109846
        ],
        [
          0.0,
          0.0,
          0.0,
          1.0
        ]
      ]
    },
    {
      "file_path": "./images/images/45.png",
      "sharpness": 70.28728185059231,
      "transform_matrix": [
        [
          -0.6023501076718533,
          0.003310217272624795,
          0.7982251500915658,
          3.4768914927306414
        ],
        [
          0.7980429372926927,
          0.024261365475564425,
          0.602111996544238,
          2.7634579315233228
        ],
        [
          -0.01737291056714344,
          0.99970016934891,
          -0.017255531621794863,
          -0.08510143089110989
        ],
        [
          0.0,
          0.0,
          0.0,
          1.0
        ]
      ]
    },
    {
      "file_path": "./images/images/139.png",
      "sharpness": 67.34434502486124,
      "transform_matrix": [
        [
          -0.4529285663706689,
          -0.056371040181877705,
          -0.8897629007682947,
          -3.096422164164824
        ],
        [
          -0.8915449465376346,
          0.030678150999774688,
          0.4518920881741746,
          0.9906725374652477
        ],
        [
          0.0018226535634282004,
          0.9979384534476182,
          -0.064152326956454,
          -0.17197015836810978
        ],
        [
          0.0,
          0.0,
          0.0,
          1.0
        ]
      ]
    },
    {
      "file_path": "./images/images/137.png",
      "sharpness": 66.68972363127601,
      "transform_matrix": [
        [
          -0.5000917917280702,
          -0.05521154799100102,
          -0.8642105558277068,
          -2.9340137126729973
        ],
        [
          -0.8659714799539038,
          0.033339945093290954,
          0.4989808052095766,
          1.0891002310617504
        ],
        [
          0.0012632298069212566,
          0.9979178989370777,
          -0.06448465880213256,
          -0.12700401099601286
        ],
        [
          0.0,
          0.0,
          0.0,
          1.0
        ]
      ]
    },
    {
      "file_path": "./images/images/135.png",
      "sharpness": 72.09576721085443,
      "transform_matrix": [
        [
          -0.595368379988968,
          -0.046028310808965994,
          -0.8021333347410349,
          -2.1989445188275156
        ],
        [
          -0.8033721176654428,
          0.01995105028251963,
          0.5951430047898925,
          2.9065826088893125
        ],
        [
          -0.011390024705547633,
          0.9987408824044738,
          -0.04885608601294441,
          -0.0860373462006178
        ],
        [
          0.0,
          0.0,
          0.0,
          1.0
        ]
      ]
    },
    {
      "file_path": "./images/images/136.png",
      "sharpness": 70.76522610294558,
      "transform_matrix": [
        [
          -0.5719957591424717,
          -0.05664407486406677,
          -0.8182984176296626,
          -2.130497006855007
        ],
        [
          -0.8201341812541558,
          0.02226084971022207,
          0.5717380338133282,
          2.914919943269881
        ],
        [
          -0.014169553896990116,
          0.9981462334459534,
          -0.059188853590695506,
          -0.1440621494717738
        ],
        [
          0.0,
          0.0,
          0.0,
          1.0
        ]
      ]
    },
    {
      "file_path": "./images/images/138.png",
      "sharpness": 69.81985274886024,
      "transform_matrix": [
        [
          -0.47237156220797194,
          -0.05483731667252958,
          -0.8796919778574455,
          -3.021704752602981
        ],
        [
          -0.8813691385848395,
          0.037674426964499325,
          0.4709236446634316,
          1.017604625074395
        ],
        [
          0.007317702140055841,
          0.9977842984545482,
          -0.06612824647848223,
          -0.14691038086199132
        ],
        [
          0.0,
          0.0,
          0.0,
          1.0
        ]
      ]
    },
    {
      "file_path": "./images/images/134.png",
      "sharpness": 70.93753211021424,
      "transform_matrix": [
        [
          -0.6191497126098288,
          -0.047862559457185996,
          -0.7838129934919181,
          -2.0634194321852037
        ],
        [
          -0.7851989804139453,
          0.024032384921688844,
          0.6187770241628658,
          3.1102314408571132
        ],
        [
          -0.010779356543516874,
          0.9985647800050604,
          -0.052461277103376745,
          -0.08525057842404372
        ],
        [
          0.0,
          0.0,
          0.0,
          1.0
        ]
      ]
    },
    {
      "file_path": "./images/images/130.png",
      "sharpness": 68.84961026483114,
      "transform_matrix": [
        [
          -0.677288948826613,
          -0.05007288883153869,
          -0.7340111617617224,
          -2.078176155957997
        ],
        [
          -0.7356926539437936,
          0.03795848206559394,
          0.6762510425665819,
          3.04318472007386
        ],
        [
          -0.005999893756970541,
          0.9980239773836709,
          -0.06254711689236725,
          -0.1452220019359423
        ],
        [
          0.0,
          0.0,
          0.0,
          1.0
        ]
      ]
    },
    {
      "file_path": "./images/images/133.png",
      "sharpness": 65.96080326969357,
      "transform_matrix": [
        [
          -0.6309871773397278,
          -0.04713589180649531,
          -0.7743599871673614,
          -2.2138107927883506
        ],
        [
          -0.7757407854368042,
          0.02672584330653825,
          0.6304854979374382,
          2.974391058372639
        ],
        [
          -0.009023072536455602,
          0.9985308893532207,
          -0.053428898162251416,
          -0.13371197519030453
        ],
        [
          0.0,
          0.0,
          0.0,
          1.0
        ]
      ]
    },
    {
      "file_path": "./images/images/131.png",
      "sharpness": 69.11064345970155,
      "transform_matrix": [
        [
          -0.6635880893915649,
          -0.04969245155681704,
          -0.7464459175756228,
          -2.178689078511042
        ],
        [
          -0.7480798750399414,
          0.03710277186345754,
          0.6625706640655389,
          2.960011172283611
        ],
        [
          -0.005229548038827372,
          0.9980751697981982,
          -0.06179488044305499,
          -0.15116645725687491
        ],
        [
          0.0,
          0.0,
          0.0,
          1.0
        ]
      ]
    },
    {
      "file_path": "./images/images/108.png",
      "sharpness": 59.61501932063632,
      "transform_matrix": [
        [
          -0.9565737316206455,
          -0.033280647686065215,
          -0.28958434773367286,
          -0.6461627892907345
        ],
        [
          -0.2910372794854907,
          0.05366945357290119,
          0.9552051568657105,
          3.1269037691523134
        ],
        [
          -0.016248012587429216,
          0.9980040021123054,
          -0.06102469864033864,
          -0.16180055196802964
        ],
        [
          0.0,
          0.0,
          0.0,
          1.0
        ]
      ]
    },
    {
      "file_path": "./images/images/73.png",
      "sharpness": 78.7199084635417,
      "transform_matrix": [
        [
          -0.8956429264943155,
          0.000733291605271566,
          0.4447732124279832,
          1.5678208503507127
        ],
        [
          0.44456886426837144,
          0.031830343341984334,
          0.8951789509175455,
          3.562766486881812
        ],
        [
          -0.013500856850976455,
          0.9994930172420055,
          -0.02883462047826677,
          -0.13350984131848348
        ],
        [
          0.0,
          0.0,
          0.0,
          1.0
        ]
      ]
    },
    {
      "file_path": "./images/images/104.png",
      "sharpness": 58.06538197729321,
      "transform_matrix": [
        [
          -0.9786378338199265,
          -0.017636192739577103,
          -0.20483396913422944,
          -0.7406716379295114
        ],
        [
          -0.20545165552887004,
          0.0471113158755776,
          0.9775326803523725,
          3.146737402289217
        ],
        [
          -0.0075899569379989235,
          0.9987339428554095,
          -0.049728301112453945,
          -0.14291271162169444
        ],
        [
          0.0,
          0.0,
          0.0,
          1.0
        ]
      ]
    },
    {
      "file_path": "./images/images/72.png",
      "sharpness": 88.90110260305404,
      "transform_matrix": [
        [
          -0.8878705792313314,
          0.004901106678499814,
          0.4600671838744145,
          1.818079964144226
        ],
        [
          0.46004160563933416,
          0.02444444647658014,
          0.887560809250393,
          3.72033039152851
        ],
        [
          -0.006896057442057339,
          0.9996891757837282,
          -0.023958217837937185,
          -0.11512577890221037
        ],
        [
          0.0,
          0.0,
          0.0,
          1.0
        ]
      ]
    },
    {
      "file_path": "./images/images/12.png",
      "sharpness": 596.7797872839928,
      "transform_matrix": [
        [
          -0.12381405080767077,
          0.01525138798066885,
          0.992188226082454,
          4.95891392145697
        ],
        [
          0.9921790408941862,
          0.017861324941636295,
          0.12353834984165069,
          0.5800447411001075
        ],
        [
          -0.015837665005397798,
          0.9997241460649829,
          -0.017343590492781155,
          -0.04869643886110902
        ],
        [
          0.0,
          0.0,
          0.0,
          1.0
        ]
      ]
    },
    {
      "file_path": "./images/images/15.png",
      "sharpness": 734.7575273036955,
      "transform_matrix": [
        [
          -0.18834238303024659,
          0.00513508947958647,
          0.9820900048365794,
          5.243577414569787
        ],
        [
          0.9819814103016574,
          0.016747389506440745,
          0.18823398940325084,
          1.0887184984050362
        ],
        [
          -0.01548084546269525,
          0.9998465661240846,
          -0.008196805658368243,
          -0.027404424117241595
        ],
        [
          0.0,
          0.0,
          0.0,
          1.0
        ]
      ]
    },
    {
      "file_path": "./images/images/16.png",
      "sharpness": 1158.781287794908,
      "transform_matrix": [
        [
          -0.2080403956368424,
          0.010666111811206885,
          0.9780620776982845,
          5.357834473419812
        ],
        [
          0.9780220361758231,
          0.016437251546114143,
          0.207852624510933,
          1.163151235850024
        ],
        [
          -0.013859673065555345,
          0.9998080069742425,
          -0.013851304706511393,
          -0.0002935349683416974
        ],
        [
          0.0,
          0.0,
          0.0,
          1.0
        ]
      ]
    },
    {
      "file_path": "./images/images/170.png",
      "sharpness": 292.2813502481673,
      "transform_matrix": [
        [
          0.14997219140682255,
          -0.05126524479194755,
          -0.9873602262955725,
          -4.863313867163469
        ],
        [
          -0.9886885867134898,
          -0.005963689089537736,
          -0.14986431501495198,
          -0.7012851237536565
        ],
        [
          0.0017945213858166142,
          0.9986672664497566,
          -0.05157974994249877,
          -0.3560725206030647
        ],
        [
          0.0,
          0.0,
          0.0,
          1.0
        ]
      ]
    },
    {
      "file_path": "./images/images/181.png",
      "sharpness": 274.99660780164925,
      "transform_matrix": [
        [
          0.35010829794832454,
          -0.03947291900871375,
          -0.9358771652102891,
          -5.071066911947841
        ],
        [
          -0.9367081926438386,
          -0.016239762329039842,
          -0.34973423045705077,
          -1.8396882132593237
        ],
        [
          -0.0013933917787846539,
          0.9990886641203541,
          -0.04266028217113439,
          -0.35678229229783154
        ],
        [
          0.0,
          0.0,
          0.0,
          1.0
        ]
      ]
    },
    {
      "file_path": "./images/images/184.png",
      "sharpness": 219.52844973140293,
      "transform_matrix": [
        [
          0.411118631143158,
          -0.04237871220747391,
          -0.9105962419579822,
          -4.837182760240253
        ],
        [
          -0.9115803991019021,
          -0.0173296767517882,
          -0.41075644642156356,
          -2.2054330499539034
        ],
        [
          0.0016269907057391876,
          0.998951313650811,
          -0.045756156371862367,
          -0.3436458031010144
        ],
        [
          0.0,
          0.0,
          0.0,
          1.0
        ]
      ]
    },
    {
      "file_path": "./images/images/185.png",
      "sharpness": 212.35460062963693,
      "transform_matrix": [
        [
          0.4261589620267948,
          -0.0421940959967621,
          -0.9036637634300982,
          -4.827209919011234
        ],
        [
          -0.9046415583903867,
          -0.01602131130720925,
          -0.4258720094312202,
          -2.280390203553652
        ],
        [
          0.0034914059773169907,
          0.9989809687058007,
          -0.044998158154373,
          -0.35482496039645295
        ],
        [
          0.0,
          0.0,
          0.0,
          1.0
        ]
      ]
    },
    {
      "file_path": "./images/images/186.png",
      "sharpness": 224.82370075224767,
      "transform_matrix": [
        [
          0.44744730132742166,
          -0.04252921524125592,
          -0.8932984822416064,
          -4.78657588341533
        ],
        [
          -0.8943054098303886,
          -0.01797516983945501,
          -0.44709588145868523,
          -2.38769861923391
        ],
        [
          0.0029574450404152054,
          0.9989335108552384,
          -0.04607704850166246,
          -0.3858173818363973
        ],
        [
          0.0,
          0.0,
          0.0,
          1.0
        ]
      ]
    },
    {
      "file_path": "./images/images/183.png",
      "sharpness": 178.36049037550822,
      "transform_matrix": [
        [
          0.3918865839664333,
          -0.03922033247714256,
          -0.9191771705263838,
          -4.898702381818289
        ],
        [
          -0.9200135031365274,
          -0.01697075396427805,
          -0.3915190257909745,
          -2.098348749417477
        ],
        [
          -0.000243623247935542,
          0.9990864622341917,
          -0.042733846274871104,
          -0.3482721286591015
        ],
        [
          0.0,
          0.0,
          0.0,
          1.0
        ]
      ]
    },
    {
      "file_path": "./images/images/173.png",
      "sharpness": 128.116539024512,
      "transform_matrix": [
        [
          0.2061563674098889,
          -0.05973475274784392,
          -0.9766940726142964,
          -4.986909326992087
        ],
        [
          -0.9785121693960342,
          -0.00883893090455248,
          -0.20599953311672053,
          -0.958524753221004
        ],
        [
          0.003672399754174849,
          0.9981751512655396,
          -0.06027338438669812,
          -0.3868617002608447
        ],
        [
          0.0,
          0.0,
          0.0,
          1.0
        ]
      ]
    },
    {
      "file_path": "./images/images/171.png",
      "sharpness": 266.20354144694005,
      "transform_matrix": [
        [
          0.167003239466528,
          -0.04721320469993206,
          -0.9848252795795994,
          -4.847380066211409
        ],
        [
          -0.9859556188154757,
          -0.009210954247950827,
          -0.16675333894111508,
          -0.844868064236884
        ],
        [
          -0.0011982210666090475,
          0.9988423657480539,
          -0.048088383654169085,
          -0.3374897258300011
        ],
        [
          0.0,
          0.0,
          0.0,
          1.0
        ]
      ]
    },
    {
      "file_path": "./images/images/180.png",
      "sharpness": 286.1800454770301,
      "transform_matrix": [
        [
          0.3337670254084928,
          -0.03909618488621847,
          -0.9418444994088446,
          -5.152847934029857
        ],
        [
          -0.9426554754642196,
          -0.013337467442184654,
          -0.3335007744211853,
          -1.7618815907757734
        ],
        [
          0.0004767875900015331,
          0.9991464358535922,
          -0.04130583958741597,
          -0.35321156939307374
        ],
        [
          0.0,
          0.0,
          0.0,
          1.0
        ]
      ]
    },
    {
      "file_path": "./images/images/172.png",
      "sharpness": 194.91224020384684,
      "transform_matrix": [
        [
          0.19045561889322984,
          -0.052821750385395425,
          -0.9802736964274861,
          -4.957662208405881
        ],
        [
          -0.9816901409191802,
          -0.006855115972322083,
          -0.19036143151137913,
          -0.9105541669055291
        ],
        [
          0.003335334144673333,
          0.998580427437166,
          -0.05316018693453017,
          -0.31528907545276025
        ],
        [
          0.0,
          0.0,
          0.0,
          1.0
        ]
      ]
    },
    {
      "file_path": "./images/images/188.png",
      "sharpness": 419.6407760627641,
      "transform_matrix": [
        [
          0.47771301177450426,
          -0.04177298241704585,
          -0.8775222483280436,
          -4.679764569283492
        ],
        [
          -0.8785058099241142,
          -0.017915020159916223,
          -0.47739563674401214,
          -2.5521803041952222
        ],
        [
          0.00422141077011012,
          0.9989665009308478,
          -0.04525604598782729,
          -0.35299419104026
        ],
        [
          0.0,
          0.0,
          0.0,
          1.0
        ]
      ]
    },
    {
      "file_path": "./images/images/190.png",
      "sharpness": 416.4227441388342,
      "transform_matrix": [
        [
          0.5076848009434336,
          -0.04795048938766216,
          -0.8602074711648912,
          -4.599987767107844
        ],
        [
          -0.861493975395917,
          -0.01761553162799155,
          -0.5074621398705303,
          -2.721235668013752
        ],
        [
          0.009180046037562433,
          0.9986943694656106,
          -0.05025219539282657,
          -0.3386207209092832
        ],
        [
          0.0,
          0.0,
          0.0,
          1.0
        ]
      ]
    },
    {
      "file_path": "./images/images/174.png",
      "sharpness": 149.55648469984268,
      "transform_matrix": [
        [
          0.2282902080531384,
          -0.05410036733381359,
          -0.9720888494118164,
          -5.039906044755041
        ],
        [
          -0.9735929921965133,
