{
    "camera_angle_x": 0,
    "camera_angle_y": 0,
    "fl_x": 0,
    "fl_y": 0,
    "k1": 0,
    "k2": 0,
    "p1": 0,
    "p2": 0,
    "cx": 0,
    "cy": 0,
    "w": 0,
    "h": 0,
    "aabb_scale": 0,
    "frames": [
        {
            "file_path": "images/6b0bb2dd-8c49-4946-961e-2f80b14a1b7a.png",
            "sharpness": 100,
            "transform_matrix": [
                [
                    0.9982151671866327,
                    -0.059704615484796324,
                    0.0013542464505670528,
                    0.7563049839356133
                ],
                [
                    0.05970450582913175,
                    0.9982160850085372,
                    0.00012129106980758491,
                    0.22342374774717655
                ],
                [
                    -0.0013590722333372564,
                    -4.021985902774092e-05,
                    0.9999990756508164,
                    -0.6332101435751958
                ],
                [
                    0.0,
                    0.0,
                    0.0,
                    1.0
                ]
            ]
        },
        {
            "file_path": "images/fdb4c46d-bbbf-4953-ace7-930daece664a.png",
            "sharpness": 100,
            "transform_matrix": [
                [
                    0.9989666838716944,
                    -0.045447695251021304,
                    -0.0002633038314847282,
                    0.6918857587236844
                ],
                [
                    0.04544821618677828,
                    0.9989635023268099,
                    0.0025255644563275175,
                    0.30317443336919725
                ],
                [
                    0.00014824971245935853,
                    -0.0025349214491765153,
                    0.9999967760890341,
                    -0.6438376804236894
                ],
                [
                    0.0,
                    0.0,
                    0.0,
                    1.0
                ]
            ]
        },
        {
            "file_path": "images/67a89944-abd8-431f-ba05-564f27173627.png",
            "sharpness": 100,
            "transform_matrix": [
                [
                    0.9991438940537262,
                    -0.04108098546065139,
                    -0.0048817143942491426,
                    0.7466622641929876
                ],
                [
                    0.041110095891804366,
                    0.9991364842965368,
                    0.0060204057932361724,
                    0.3399718153200295
                ],
                [
                    0.004630174684816961,
                    -0.006215939488953468,
                    0.9999699613298643,
                    -0.6465202079991095
                ],
                [
                    0.0,
                    0.0,
                    0.0,
                    1.0
                ]
            ]
        },
        {
            "file_path": "images/5372e169-1f7c-4e82-995a-5fa2e102a958.png",
            "sharpness": 100,
            "transform_matrix": [
                [
                    0.9981573533601135,
                    -0.060606021689386724,
                    -0.0029676554763574912,
                    0.7250315549454285
                ],
                [
                    0.06060851899500526,
                    0.9981613248795135,
                    0.0007588499594207342,
                    0.19189141272483834
                ],
                [
                    0.002916208029763336,
                    -0.000937316923143554,
                    0.9999953085714652,
                    -0.6197494665064072
                ],
                [
                    0.0,
                    0.0,
                    0.0,
                    1.0
                ]
            ]
        },
        {
            "file_path": "images/9a4f3862-3a5a-4035-b2b8-b96e8b23e86e.png",
            "sharpness": 100,
            "transform_matrix": [
                [
                    0.9983005444739428,
                    -0.058270083703336376,
                    -0.0007867802383389076,
                    0.8031420027982948
                ],
                [
                    0.05826903813095703,
                    0.9983000792174525,
                    -0.0012922090750997685,
                    0.2752290560432624
                ],
                [
                    0.0008607399318865153,
                    0.0012441680782220804,
                    0.9999988555852141,
                    -0.628558325432383
                ],
                [
                    0.0,
                    0.0,
                    0.0,
                    1.0
                ]
            ]
        },
        {
            "file_path": "images/ecdab162-70d2-45ac-9f69-1fbfa512c10c.png",
            "sharpness": 100,
            "transform_matrix": [
                [
                    0.9983715197172724,
                    -0.056175731890992425,
                    -0.009929397497733698,
                    0.8176725638091238
                ],
                [
                    0.05616792134540119,
                    0.9984207679530668,
                    -0.0010639492657393299,
                    0.2185042933354997
                ],
                [
                    0.009973484841994267,
                    0.0005045025416962989,
                    0.9999501362521335,
                    -0.6185326864469676
                ],
                [
                    0.0,
                    0.0,
                    0.0,
                    1.0
                ]
            ]
        },
        {
            "file_path": "images/e3e55448-3e25-4723-b364-bcb746a30079.png",
            "sharpness": 100,
            "transform_matrix": [
                [
                    0.9971800438401278,
                    -0.07500266027340378,
                    0.002560729019192071,
                    0.626330376431508
                ],
                [
                    0.075002162861408,
                    0.9971833270590156,
                    0.0002898624286869258,
                    0.20665267032191137
                ],
                [
                    -0.002575256746071117,
                    -9.698468493465193e-05,
                    0.9999966793155889,
                    -0.6158633074224567
                ],
                [
                    0.0,
                    0.0,
                    0.0,
                    1.0
                ]
            ]
        },
        {
            "file_path": "images/3dd533e9-a1e0-46a6-9093-de2babf551ba.png",
            "sharpness": 100,
            "transform_matrix": [
                [
                    0.9974929700895298,
                    -0.07074680187456557,
                    0.0016316138665141227,
                    0.7041696933909596
                ],
                [
                    0.07075073521791876,
                    0.9974909074551217,
                    -0.0024940981855446276,
                    0.20861715433336958
                ],
                [
                    -0.0014510704367421499,
                    0.002603283341503786,
                    0.9999955586431538,
                    -0.6017867715234909
                ],
                [
                    0.0,
                    0.0,
                    0.0,
                    1.0
                ]
            ]
        },
        {
            "file_path": "images/1892007f-6b40-4700-a71e-b9c20c364bfd.png",
            "sharpness": 100,
            "transform_matrix": [
                [
                    0.9984757555534958,
                    -0.05511221153420889,
                    0.002967528181572372,
                    0.828434219518726
                ],
                [
                    0.055097038294905455,
                    0.9984686196747878,
                    0.004972764960006776,
                    0.3007892595483854
                ],
                [
                    -0.0032370441500749517,
                    -0.004801683041014156,
                    0.9999832325328122,
                    -0.6190634848922876
                ],
                [
                    0.0,
                    0.0,
                    0.0,
                    1.0
                ]
            ]
        },
        {
            "file_path": "images/869dff1a-6786-41d9-a2d7-1e9355330b72.png",
            "sharpness": 100,
            "transform_matrix": [
                [
                    0.9977866685625346,
                    -0.06627032404312064,
                    0.00547806713926861,
                    0.7227570298775052
                ],
                [
                    0.0663114814914724,
                    0.9977692007453178,
                    -0.007707820967326576,
                    0.13395616348226635
                ],
                [
                    -0.004955046999641969,
                    0.00805401967206642,
                    0.9999552891490447,
                    -0.5934835116888862
                ],
                [
                    0.0,
                    0.0,
                    0.0,
                    1.0
                ]
            ]
        },
        {
            "file_path": "images/470df764-afe3-474c-b6e5-4e7859b7051c.png",
            "sharpness": 100,
            "transform_matrix": [
                [
                    0.9980877294159389,
                    -0.06177759450875404,
                    -0.0021008311936564087,
                    0.7315895547814235
                ],
                [
                    0.06178246554145169,
                    0.9980868991061402,
                    0.002338604303779105,
                    0.3057885323652929
                ],
                [
                    0.0019523387543176585,
                    -0.0024639267810313147,
                    0.9999950587072639,
                    -0.6201869222072867
                ],
                [
                    0.0,
                    0.0,
                    0.0,
                    1.0
                ]
            ]
        },
        {
            "file_path": "images/c6f962c2-cd79-4ba3-b68a-fa64e156e4bb.png",
            "sharpness": 100,
            "transform_matrix": [
                [
                    0.9978359449981348,
                    -0.0657491613458612,
                    0.0006904355416258107,
                    0.6609124035842693
                ],
                [
                    0.0657490910594786,
                    0.9978361807879612,
                    0.00012403373011764512,
                    0.27652572030129785
                ],
                [
                    -0.000697096674516136,
                    -7.836982662713863e-05,
                    0.9999997539572846,
                    -0.6147178118652716
                ],
                [
                    0.0,
                    0.0,
                    0.0,
                    1.0
                ]
            ]
        },
        {
            "file_path": "images/3c61d6e1-20f1-4418-89ea-e44c04b5962f.png",
            "sharpness": 100,
            "transform_matrix": [
                [
                    0.9983228176749362,
                    -0.057847253232027294,
                    -0.002289880037377238,
                    0.8154106341025589
                ],
                [
                    0.057844934117047116,
                    0.9983250086547384,
                    -0.0010664162044041357,
                    0.26374948724044067
                ],
                [
                    0.002347733815906199,
                    0.0009321695319227204,
                    0.9999968095945736,
                    -0.5901232556468625
                ],
                [
                    0.0,
                    0.0,
                    0.0,
                    1.0
                ]
            ]
        },
        {
            "file_path": "images/095a3be3-76d8-4f5a-afcf-499eaf46c02d.png",
            "sharpness": 100,
            "transform_matrix": [
                [
                    0.9982552169555367,
                    -0.059046770258157265,
                    1.32431098025911e-05,
                    0.8213017351480638
                ],
                [
                    0.059046768101680046,
                    0.9982552090522012,
                    0.00012731510088293823,
                    0.2364054853112183
                ],
                [
                    -2.0737550076066838e-05,
                    -0.00012631100065678698,
                    0.9999999918077412,
                    -0.596190324220076
                ],
                [
                    0.0,
                    0.0,
                    0.0,
                    1.0
                ]
            ]
        },
        {
            "file_path": "images/6882772a-eaed-42ea-90c0-e680e85715ef.png",
            "sharpness": 100,
            "transform_matrix": [
                [
                    0.9983550601672815,
                    -0.05723115190881097,
                    0.0034302516271478957,
                    0.7889824008258016
                ],
                [
                    0.05724206557181697,
                    0.9983552865618168,
                    -0.0031725794134297943,
                    0.15637697987307675
                ],
                [
                    -0.003243039331669477,
                    0.003363715542865377,
                    0.9999890839890668,
                    -0.6095150629264023
                ],
                [
                    0.0,
                    0.0,
                    0.0,
                    1.0
                ]
            ]
        },
        {
            "file_path": "images/ff12ebbd-f217-499f-94d9-df320d1bfa82.png",
            "sharpness": 100,
            "transform_matrix": [
                [
                    0.9985129532394589,
                    -0.054514604594129316,
                    0.00019974870300258553,
                    0.7724033357094315
                ],
                [
                    0.05451466513781058,
                    0.9985129213733897,
                    -0.00031134526105157856,
                    0.15179049556268942
                ],
                [
                    -0.000182478796019212,
                    0.00032177151044470917,
                    0.9999999315822851,
                    -0.5985293391117488
                ],
                [
                    0.0,
                    0.0,
                    0.0,
                    1.0
                ]
            ]
        },
        {
            "file_path": "images/185b0351-8cbe-4edb-a3c0-fd485d052bcb.png",
            "sharpness": 100,
            "transform_matrix": [
                [
                    0.9987941100125887,
                    -0.049074071765113705,
                    0.0014354063035451723,
                    0.8224000802830083
                ],
                [
                    0.04907512556903165,
                    0.9987948384851077,
                    -0.0007083594664729548,
                    0.16283399273830068
                ],
                [
                    -0.0013989143103004757,
                    0.0007779480332487568,
                    0.9999987189165099,
                    -0.6123251247435656
                ],
                [
                    0.0,
                    0.0,
                    0.0,
                    1.0
                ]
            ]
        },
        {
            "file_path": "images/1d8215f4-948b-43cd-8357-7c4e1849bd82.png",
            "sharpness": 100,
            "transform_matrix": [
                [
                    0.9991513413788413,
                    -0.041114627837633734,
                    0.002486944139580754,
                    0.7685210185931175
                ],
                [
                    0.0411174666138697,
                    0.9991537126827791,
                    -0.0011013004213926963,
                    0.3120846393134573
                ],
                [
                    -0.0024395599270835015,
                    0.001202622606524228,
                    0.9999963011173466,
                    -0.5701844536423075
                ],
                [
                    0.0,
                    0.0,
                    0.0,
                    1.0
                ]
            ]
        },
        {
            "file_path": "images/52401661-1381-4683-b5aa-e040e7d7ef5f.png",
            "sharpness": 100,
            "transform_matrix": [
                [
                    0.9990149903533022,
                    -0.04437391768593029,
                    7.633889429193613e-05,
                    0.7681538904391001
                ],
                [
                    0.04437385869386772,
                    0.999014783341537,
                    0.0006516739945388671,
                    0.2782235425384615
                ],
                [
                    -0.00010518099238278091,
                    -0.0006476446408188152,
                    0.9999997847468133,
                    -0.6073858491495692
                ],
                [
                    0.0,
                    0.0,
                    0.0,
                    1.0
                ]
            ]
        },
        {
            "file_path": "images/ef62e56f-bb37-4e28-b82d-7db0eea4a75c.png",
            "sharpness": 100,
            "transform_matrix": [
                [
                    0.9979786344786872,
                    -0.06354913825528673,
                    -0.0003918222914020605,
                    0.8127269927454227
                ],
                [
                    0.06354890039573059,
                    0.9979785508009303,
                    -0.0005922613174602201,
                    0.16907644306761904
                ],
                [
                    0.00042866792637202394,
                    0.0005661642739516385,
                    0.9999997478509658,
                    -0.6074757083157383
                ],
                [
                    0.0,
                    0.0,
                    0.0,
                    1.0
                ]
            ]
        },
        {
            "file_path": "images/e68d2ab5-d865-409b-a043-5c516cf39a22.png",
            "sharpness": 100,
            "transform_matrix": [
                [
                    0.9981891601730203,
                    -0.060152977075822255,
                    0.00013835337724096578,
                    0.84772545049562
                ],
                [
                    0.06015292224481592,
                    0.9981891040487153,
                    0.0003711919596065326,
                    0.298370768789213
                ],
                [
                    -0.00016043113949840151,
                    -0.00036219742869015946,
                    0.9999999215374173,
                    -0.5872274719874615
                ],
                [
                    0.0,
                    0.0,
                    0.0,
                    1.0
                ]
            ]
        },
        {
            "file_path": "images/b80ad5df-f2d0-4f68-9613-825859d933f5.png",
            "sharpness": 100,
            "transform_matrix": [
                [
                    0.9980689004050762,
                    -0.06211321278385483,
                    -0.0006492558528842943,
                    0.7893993527855097
                ],
                [
                    0.06211242217069103,
                    0.9980684700726871,
                    -0.001174202175187069,
                    0.16163330112729524
                ],
                [
                    0.0007209352153843553,
                    0.0011316078498920328,
                    0.9999990998582667,
                    -0.613133251694544
                ],
                [
                    0.0,
                    0.0,
                    0.0,
                    1.0
                ]
            ]
        },
        {
            "file_path": "images/6f647517-63b6-4579-ae9f-6e50e575d7cb.png",
            "sharpness": 100,
            "transform_matrix": [
                [
                    0.9977601225345928,
                    -0.06688112430776721,
                    0.0012861408187537767,
                    0.8373680056908004
                ],
                [
                    0.06687652734109659,
                    0.9977556845097467,
                    0.0033354442761281957,
                    0.2986189807779338
                ],
                [
                    -0.0015063325237930994,
                    -0.003241960680295813,
                    0.9999936103077456,
                    -0.5984217539233955
                ],
                [
                    0.0,
                    0.0,
                    0.0,
                    1.0
                ]
            ]
        },
        {
            "file_path": "images/c79feff5-8b77-4fe5-afe8-e51ba126f603.png",
            "sharpness": 100,
            "transform_matrix": [
                [
                    0.9969959829940083,
                    -0.07745281774914509,
                    -0.00027229808794645353,
                    0.7075983567921909
                ],
                [
                    0.07745305097938365,
                    0.9969955128269111,
                    0.0009876878124466108,
                    0.251624996082338
                ],
                [
                    0.00019498080926668948,
                    -0.0010058110894062427,
                    0.9999994751634126,
                    -0.5971154820203743
                ],
                [
                    0.0,
                    0.0,
                    0.0,
                    1.0
                ]
            ]
        },
        {
            "file_path": "images/3fea013e-b23f-4c47-8a68-ade692a6fd7f.png",
            "sharpness": 100,
            "transform_matrix": [
                [
                    0.9981924657257424,
                    -0.06009145294029619,
                    -0.0009067524811892665,
                    0.6973133590287568
                ],
                [
                    0.060090456669400355,
                    0.998192343877544,
                    -0.0010886642882912453,
                    0.22753499392682264
                ],
                [
                    0.0009705327407626556,
                    0.0010322093750064966,
                    0.9999989963054841,
                    -0.6099724528300744
                ],
                [
                    0.0,
                    0.0,
                    0.0,
                    1.0
                ]
            ]
        },
        {
            "file_path": "images/a4543164-8394-4f62-b47e-69e8798aabfa.png",
            "sharpness": 100,
            "transform_matrix": [
                [
                    0.9980055616286785,
                    -0.06312278544725985,
                    0.0006437625673690931,
                    0.7415352012874985
                ],
                [
                    0.06312305096460011,
                    0.9980056719820285,
                    -0.00040080316151970823,
                    0.24732657183446438
                ],
                [
                    -0.0006171788917671069,
                    0.000440640026537496,
                    0.9999997124633591,
                    -0.5982932533638027
                ],
                [
                    0.0,
                    0.0,
                    0.0,
                    1.0
                ]
            ]
        },
        {
            "file_path": "images/cdf14d6d-0250-4e63-ac89-9cd80a735eac.png",
            "sharpness": 100,
            "transform_matrix": [
                [
                    0.9972842327528808,
                    -0.07348054167706422,
                    -0.004977379747644137,
                    0.750972616530295
                ],
                [
                    0.07351259892038711,
                    0.9972724735876959,
                    0.006596700586259194,
                    0.17334383778494522
                ],
                [
                    0.004479075158704974,
                    -0.006944685270023575,
                    0.9999658540659038,
                    -0.621217923964156
                ],
                [
                    0.0,
                    0.0,
                    0.0,
                    1.0
                ]
            ]
        },
        {
            "file_path": "images/973b42c8-a014-48d9-ab3a-7e5c77b76ff2.png",
            "sharpness": 100,
            "transform_matrix": [
                [
                    0.9970867473495397,
                    -0.07627594708209164,
                    -3.8325960492259e-05,
                    0.6844947102124461
                ],
                [
                    0.07627595369191216,
                    0.9970864406506375,
                    0.0007823500590579668,
                    0.17836532454315646
                ],
                [
                    -2.1460162185599682e-05,
                    -0.0007829942244963406,
                    0.9999996932298802,
                    -0.6188400316716697
                ],
                [
                    0.0,
                    0.0,
                    0.0,
                    1.0
                ]
            ]
        },
        {
            "file_path": "images/e85fd176-74bc-4d91-a064-1c13cd0f8206.png",
            "sharpness": 100,
            "transform_matrix": [
                [
                    0.9981482253491294,
                    -0.06039065983703441,
                    -0.00728614617387707,
                    0.7627328250752312
                ],
                [
                    0.06038795160782301,
                    0.998174806900157,
                    -0.0005913264860379605,
                    0.21099662264335972
                ],
                [
                    0.007308558149917891,
                    0.00015023597925341767,
                    0.9999732808428183,
                    -0.5899856211337948
                ],
                [
                    0.0,
                    0.0,
                    0.0,
                    1.0
                ]
            ]
        },
        {
            "file_path": "images/75daad8d-3853-4439-8d74-9b35142c813f.png",
            "sharpness": 100,
            "transform_matrix": [
                [
                    0.9967026741383584,
                    -0.08114033509572849,
                    0.000179640821251818,
                    0.6674850441993221
                ],
                [
                    0.0811404703854855,
                    0.9967022218838263,
                    -0.0009549048313142507,
                    0.1589703862216867
                ],
                [
                    -0.0001015671891943456,
                    0.0009663323277250355,
                    0.9999995279433506,
                    -0.6195941458552232
                ],
                [
                    0.0,
                    0.0,
                    0.0,
                    1.0
                ]
            ]
        },
        {
            "file_path": "images/73394005-5dd1-4e6e-a480-fbe7cabf773f.png",
            "sharpness": 100,
            "transform_matrix": [
                [
                    0.9969658940556616,
                    -0.07783869667365491,
                    0.00038215409816834016,
                    0.6740051610044184
                ],
                [
                    0.07783837545907328,
                    0.9969656764654549,
                    0.0007936672307820449,
                    0.23042922515464292
                ],
                [
                    -0.0004427725153408184,
                    -0.0007615129201943076,
                    0.9999996120253802,
                    -0.6211265498608214
                ],
                [
                    0.0,
                    0.0,
                    0.0,
                    1.0
                ]
            ]
        },
        {
            "file_path": "images/a2b57ae4-f4df-4824-bd8e-55e6910e5f18.png",
            "sharpness": 100,
            "transform_matrix": [
                [
                    0.9972789925116614,
                    -0.07371598978356811,
                    -0.000754605730409531,
                    0.7094856725743144
                ],
                [
                    0.07371710847119828,
                    0.9972779420142677,
                    0.0015810683742240633,
                    0.16618813333318472
                ],
                [
                    0.0006360017492668256,
                    -0.00163239357609247,
                    0.999998465396863,
                    -0.6204189904716249
                ],
                [
                    0.0,
                    0.0,
                    0.0,
                    1.0
                ]
            ]
        },
        {
            "file_path": "images/34208b58-24bb-4bed-ab52-d6347bf4a9b7.png",
            "sharpness": 100,
            "transform_matrix": [
                [
                    0.9984719442554847,
                    -0.05522405490189422,
                    0.002020719128149242,
                    0.8257262101083502
                ],
                [
                    0.055221770757360594,
                    0.9984734307301055,
                    0.0011692597981547413,
                    0.2137683733113751
                ],
                [
                    -0.002082205567135572,
                    -0.001055885527241817,
                    0.9999972747618363,
                    -0.6071679574805269
                ],
                [
                    0.0,
                    0.0,
                    0.0,
                    1.0
                ]
            ]
        },
        {
            "file_path": "images/e3123f19-0bd0-4b04-a0b8-5d578ff8d886.png",
            "sharpness": 100,
            "transform_matrix": [
                [
                    0.9987213527726851,
                    -0.05055344427832673,
                    -9.523208469665385e-05,
                    0.7196182639247102
                ],
                [
                    0.05055348605563329,
                    0.9987212277872627,
                    0.0005044763692000115,
                    0.1936284624667699
                ],
                [
                    6.960728935514974e-05,
                    -0.0005086456352958566,
                    0.9999998682172273,
                    -0.65185437467792
                ],
                [
                    0.0,
                    0.0,
                    0.0,
                    1.0
                ]
            ]
        },
        {
            "file_path": "images/87d41bb9-8ec0-4e91-8dfe-0510d7fa2dbe.png",
            "sharpness": 100,
            "transform_matrix": [
                [
                    0.9980899313174445,
                    -0.06177593076998741,
                    -0.0004726413839790981,
                    0.7307523772013329
                ],
                [
                    0.06177462538248305,
                    0.9980872299700662,
                    -0.0024035472088094942,
                    0.23053660406258691
                ],
                [
                    0.0006202186953064342,
                    0.002369759024208574,
                    0.9999969997809756,
                    -0.5945088803722184
                ],
                [
                    0.0,
                    0.0,
                    0.0,
                    1.0
                ]
            ]
        },
        {
            "file_path": "images/38b42307-0b5a-4a9f-aae1-3117636b13f5.png",
            "sharpness": 100,
            "transform_matrix": [
                [
                    0.998769109717729,
                    -0.04958152808802849,
                    -0.0013913418065080365,
                    0.9075360928660475
                ],
                [
                    0.04958131810043022,
                    0.9987700721111911,
                    -0.00018503427240223715,
                    0.178164430733748
                ],
                [
                    0.0013988048435880688,
                    0.000115821906628367,
                    0.9999990149639768,
                    -0.5911078416595112
                ],
                [
                    0.0,
                    0.0,
                    0.0,
                    1.0
                ]
            ]
        },
        {
            "file_path": "images/fcc257e3-cbd6-46bb-8802-9ea91dff5fec.png",
            "sharpness": 100,
            "transform_matrix": [
                [
                    0.9983253471590785,
                    -0.057842145824121345,
                    -0.000885344448998321,
                    0.7735130228324745
                ],
                [
                    0.05784312252851213,
                    0.9983250543617903,
                    0.001120472081722861,
                    0.2642289749489519
                ],
                [
                    0.000819050965339242,
                    -0.001169806819722538,
                    0.9999989803521594,
                    -0.6129623467730939
                ],
                [
                    0.0,
                    0.0,
                    0.0,
                    1.0
                ]
            ]
        },
        {
            "file_path": "images/329b5277-b5ca-44c1-93a8-5147d3ff4ea7.png",
            "sharpness": 100,
            "transform_matrix": [
                [
                    0.998351891362813,
                    -0.05736901699973177,
                    -0.001514321237495644,
                    0.7963419216879006
                ],
                [
                    0.057371490442181074,
                    0.9983515444049,
                    0.001643817520206617,
                    0.2736268085652731
                ],
                [
                    0.0014175206413203519,
                    -0.0017279872920537664,
                    0.999997502341628,
                    -0.6060690750590867
                ],
                [
                    0.0,
                    0.0,
                    0.0,
                    1.0
                ]
            ]
        },
        {
            "file_path": "images/46c76132-3f27-443f-8ada-a724987cd2d3.png",
            "sharpness": 100,
            "transform_matrix": [
                [
                    0.9980786130006855,
                    -0.061947279413682825,
                    -0.0012705812151580056,
                    0.7498532087797548
                ],
                [
                    0.06194844645182911,
                    0.9980789429370928,
                    0.0009006558483704806,
                    0.20862139223923704
                ],
                [
                    0.0012123471392569603,
                    -0.000977635921727413,
                    0.9999987872196952,
                    -0.6134989349123343
                ],
                [
                    0.0,
                    0.0,
                    0.0,
                    1.0
                ]
            ]
        },
        {
            "file_path": "images/fe7a67c3-f815-4848-9160-c69d38e20480.png",
            "sharpness": 100,
            "transform_matrix": [
                [
                    0.9971402189469772,
                    -0.07556764721146544,
                    -0.0009545629724953761,
                    0.6994838587805905
                ],
                [
                    0.07556718990569569,
                    0.997140581898974,
                    -0.0005064360936519667,
                    0.12021032726373027
                ],
                [
                    0.000990103682188348,
                    0.0004328541139110803,
                    0.9999994161655038,
                    -0.6097974596360216
                ],
                [
                    0.0,
                    0.0,
                    0.0,
                    1.0
                ]
            ]
        }
    ]
}