{
    "camera_angle_x": 0,
    "camera_angle_y": 0,
    "fl_x": 0,
    "fl_y": 0,
    "k1": 0,
    "k2": 0,
    "p1": 0,
    "p2": 0,
    "cx": 0,
    "cy": 0,
    "w": 0,
    "h": 0,
    "aabb_scale": 0,
    "frames": [
        {
            "file_path": "images/722b112f-b627-45a9-8fdf-58627d3a9cce.png",
            "sharpness": 100,
            "transform_matrix": [
                [
                    0.9992586382978043,
                    -0.03848402912992422,
                    -0.0010740323423360035,
                    0.5911576120569914
                ],
                [
                    0.03848380440737378,
                    0.9992591978834799,
                    -0.00022912820251126925,
                    0.2524022518329927
                ],
                [
                    0.0010820544719366873,
                    0.000187625492222204,
                    0.9999993969773197,
                    -0.6104846267946764
                ],
                [
                    0.0,
                    0.0,
                    0.0,
                    1.0
                ]
            ]
        },
        {
            "file_path": "images/fd1415ad-d5f3-42b6-91d6-6283f490831f.png",
            "sharpness": 100,
            "transform_matrix": [
                [
                    0.9994975318753678,
                    -0.03168737311742476,
                    -0.0007711486578593922,
                    0.5959951287341654
                ],
                [
                    0.031689101222483036,
                    0.9994950291528125,
                    0.0023426641582921684,
                    0.2986779647246567
                ],
                [
                    0.0006965264148874438,
                    -0.0023659240402914756,
                    0.9999969586241139,
                    -0.6343571840086368
                ],
                [
                    0.0,
                    0.0,
                    0.0,
                    1.0
                ]
            ]
        },
        {
            "file_path": "images/46264676-2d55-4f85-9a05-b9dc5c608a06.png",
            "sharpness": 100,
            "transform_matrix": [
                [
                    0.9995778977646275,
                    -0.02905183494169742,
                    -0.0001322435401154733,
                    0.6127706582974821
                ],
                [
                    0.02905171684242204,
                    0.9995775725917762,
                    -0.0008212317930815402,
                    0.3147457946557073
                ],
                [
                    0.000156045958823458,
                    0.0008170432489195797,
                    0.9999996540450578,
                    -0.5934828765572369
                ],
                [
                    0.0,
                    0.0,
                    0.0,
                    1.0
                ]
            ]
        },
        {
            "file_path": "images/1480da04-5fcc-4123-adab-e89df5ab89a8.png",
            "sharpness": 100,
            "transform_matrix": [
                [
                    0.9992933173769086,
                    -0.03758611756432585,
                    -0.00038792887777474845,
                    0.5938704871119933
                ],
                [
                    0.03758615375294394,
                    0.9992933875765422,
                    8.641928175234795e-05,
                    0.22336016924482882
                ],
                [
                    0.0003844065993109227,
                    -0.00010093895618827793,
                    0.9999999210214926,
                    -0.6011833392484738
                ],
                [
                    0.0,
                    0.0,
                    0.0,
                    1.0
                ]
            ]
        },
        {
            "file_path": "images/fa211f90-56c0-4523-818b-8ba34103a939.png",
            "sharpness": 100,
            "transform_matrix": [
                [
                    0.9991936219546282,
                    -0.04012849080134815,
                    -0.0013456630881218325,
                    0.6155975527773192
                ],
                [
                    0.040125999293663096,
                    0.999192952261593,
                    -0.0018300464499070655,
                    0.24906191142599798
                ],
                [
                    0.0014180140427954037,
                    0.0017745746898865866,
                    0.9999974200582746,
                    -0.6128967090075725
                ],
                [
                    0.0,
                    0.0,
                    0.0,
                    1.0
                ]
            ]
        },
        {
            "file_path": "images/f0ea6157-7005-422d-bbb7-2936c69570a1.png",
            "sharpness": 100,
            "transform_matrix": [
                [
                    0.9994285683272235,
                    -0.03376351274777668,
                    -0.0016007190793911959,
                    0.6393565917535906
                ],
                [
                    0.033764024870486284,
                    0.9994297896689878,
                    0.0002939887524404524,
                    0.2368519983117161
                ],
                [
                    0.001589880242530618,
                    -0.000347867463409951,
                    0.9999986756339724,
                    -0.6064238949704426
                ],
                [
                    0.0,
                    0.0,
                    0.0,
                    1.0
                ]
            ]
        },
        {
            "file_path": "images/b67a7bf2-5c97-4e90-819f-d985dcf625d2.png",
            "sharpness": 100,
            "transform_matrix": [
                [
                    0.998952291965275,
                    -0.04575550757572942,
                    0.0008677625896263545,
                    0.5425704224626982
                ],
                [
                    0.04575542340669282,
                    0.998952665914819,
                    0.00011661155819910095,
                    0.2755717806444695
                ],
                [
                    -0.000872189370982014,
                    -7.67845596891584e-05,
                    0.9999996166950456,
                    -0.6153239505193615
                ],
                [
                    0.0,
                    0.0,
                    0.0,
                    1.0
                ]
            ]
        },
        {
            "file_path": "images/54ad3912-ea3c-430b-b7ec-bf594855312e.png",
            "sharpness": 100,
            "transform_matrix": [
                [
                    0.9991817471897483,
                    -0.04042720974483454,
                    -0.00121596307127573,
                    0.5952482309609148
                ],
                [
                    0.04042917314376906,
                    0.9991810684002401,
                    0.001635934606500779,
                    0.2954795024921888
                ],
                [
                    0.0011488310818800046,
                    -0.0016837563282017926,
                    0.9999979225759767,
                    -0.6196662711310958
                ],
                [
                    0.0,
                    0.0,
                    0.0,
                    1.0
                ]
            ]
        },
        {
            "file_path": "images/3e1ff787-5635-46fd-9c39-2bfe193d3174.png",
            "sharpness": 100,
            "transform_matrix": [
                [
                    0.9996581480608497,
                    -0.026145424333817342,
                    -6.304789560192389e-05,
                    0.745393327447021
                ],
                [
                    0.026145498690290883,
                    0.9996543184264665,
                    0.00276707870722776,
                    0.32778359953561864
                ],
                [
                    -9.320327539276079e-06,
                    -0.0027677811944999634,
                    0.9999961696438292,
                    -0.6065892809539353
                ],
                [
                    0.0,
                    0.0,
                    0.0,
                    1.0
                ]
            ]
        },
        {
            "file_path": "images/344ecc40-44a8-4e76-a629-a4f8bf3e5012.png",
            "sharpness": 100,
            "transform_matrix": [
                [
                    0.9992702707663667,
                    -0.038100991483919364,
                    0.0026909423816041016,
                    0.6288625767675915
                ],
                [
                    0.03809134424943009,
                    0.9992679569936792,
                    0.0035497016505255797,
                    0.22940006915307365
                ],
                [
                    -0.0028242195789666795,
                    -0.0034446097716052614,
                    0.9999900791796035,
                    -0.615689331632096
                ],
                [
                    0.0,
                    0.0,
                    0.0,
                    1.0
                ]
            ]
        }
    ]
}